(kicad_pcb (version 20171130) (host pcbnew "(5.1.4)-1")

  (general
    (thickness 1.6)
    (drawings 136)
    (tracks 300)
    (zones 0)
    (modules 50)
    (nets 1)
  )

  (page A4)
  (layers
    (0 F.Cu signal)
    (31 B.Cu signal)
    (32 B.Adhes user)
    (33 F.Adhes user)
    (34 B.Paste user)
    (35 F.Paste user)
    (36 B.SilkS user)
    (37 F.SilkS user)
    (38 B.Mask user)
    (39 F.Mask user)
    (40 Dwgs.User user)
    (41 Cmts.User user)
    (42 Eco1.User user)
    (43 Eco2.User user)
    (44 Edge.Cuts user)
    (45 Margin user)
    (46 B.CrtYd user)
    (47 F.CrtYd user)
    (48 B.Fab user)
    (49 F.Fab user hide)
  )

  (setup
    (last_trace_width 0.25)
    (trace_clearance 0.2)
    (zone_clearance 0.508)
    (zone_45_only no)
    (trace_min 0.2)
    (via_size 0.8)
    (via_drill 0.4)
    (via_min_size 0.4)
    (via_min_drill 0.3)
    (uvia_size 0.3)
    (uvia_drill 0.1)
    (uvias_allowed no)
    (uvia_min_size 0.2)
    (uvia_min_drill 0.1)
    (edge_width 0.05)
    (segment_width 0.2)
    (pcb_text_width 0.3)
    (pcb_text_size 1.5 1.5)
    (mod_edge_width 0.12)
    (mod_text_size 1 1)
    (mod_text_width 0.15)
    (pad_size 1.524 1.524)
    (pad_drill 0.762)
    (pad_to_mask_clearance 0.051)
    (solder_mask_min_width 0.25)
    (aux_axis_origin 0 0)
    (visible_elements FFFFFF7F)
    (pcbplotparams
      (layerselection 0x010fc_ffffffff)
      (usegerberextensions false)
      (usegerberattributes false)
      (usegerberadvancedattributes false)
      (creategerberjobfile false)
      (excludeedgelayer true)
      (linewidth 0.100000)
      (plotframeref false)
      (viasonmask false)
      (mode 1)
      (useauxorigin false)
      (hpglpennumber 1)
      (hpglpenspeed 20)
      (hpglpendiameter 15.000000)
      (psnegative false)
      (psa4output false)
      (plotreference true)
      (plotvalue true)
      (plotinvisibletext false)
      (padsonsilk false)
      (subtractmaskfromsilk false)
      (outputformat 1)
      (mirror false)
      (drillshape 0)
      (scaleselection 1)
      (outputdirectory "bob_ws2811_gerber"))
  )

  (net 0 "")

  (net_class Default "This is the default net class."
    (clearance 0.2)
    (trace_width 0.25)
    (via_dia 0.8)
    (via_drill 0.4)
    (uvia_dia 0.3)
    (uvia_drill 0.1)
  )

  (module TEST2:4x1_ProtoBoard (layer F.Cu) (tedit 5DD41864) (tstamp 5DD43947)
    (at 183.642 32.893 90)
    (fp_text reference REF** (at 0 0.5 90) (layer F.SilkS) hide
      (effects (font (size 1 1) (thickness 0.15)))
    )
    (fp_text value 4x1_ProtoBoard (at 0 -0.5 90) (layer F.Fab)
      (effects (font (size 1 1) (thickness 0.15)))
    )
    (pad 4 thru_hole circle (at -0.048 3.889 90) (size 1.5 1.5) (drill 0.8) (layers *.Cu *.Mask))
    (pad 3 thru_hole circle (at -0.048 1.349 90) (size 1.5 1.5) (drill 0.8) (layers *.Cu *.Mask))
    (pad 2 thru_hole circle (at -0.048 -1.191 90) (size 1.5 1.5) (drill 0.8) (layers *.Cu *.Mask))
    (pad 1 thru_hole circle (at -0.048 -3.731 90) (size 1.5 1.5) (drill 0.8) (layers *.Cu *.Mask))
  )

  (module TEST2:4x1_ProtoBoard (layer F.Cu) (tedit 5DD41864) (tstamp 5DD43940)
    (at 187.833 41.91)
    (fp_text reference REF** (at 0 0.5) (layer F.SilkS) hide
      (effects (font (size 1 1) (thickness 0.15)))
    )
    (fp_text value 4x1_ProtoBoard (at 0 -0.5) (layer F.Fab)
      (effects (font (size 1 1) (thickness 0.15)))
    )
    (pad 1 thru_hole circle (at -0.048 -3.731) (size 1.5 1.5) (drill 0.8) (layers *.Cu *.Mask))
    (pad 2 thru_hole circle (at -0.048 -1.191) (size 1.5 1.5) (drill 0.8) (layers *.Cu *.Mask))
    (pad 3 thru_hole circle (at -0.048 1.349) (size 1.5 1.5) (drill 0.8) (layers *.Cu *.Mask))
    (pad 4 thru_hole circle (at -0.048 3.889) (size 1.5 1.5) (drill 0.8) (layers *.Cu *.Mask))
  )

  (module ATLANTA:SMD-8_5x3mm (layer F.Cu) (tedit 5D28A4D3) (tstamp 5DD43922)
    (at 183.642 41.91)
    (descr http://www.te.com/commerce/DocumentDelivery/DDEController?Action=srchrtrv&DocNm=MS5607-02BA03&DocType=Data+Sheet&DocLang=English)
    (attr smd)
    (fp_text reference REF** (at 0 -3.65) (layer F.SilkS) hide
      (effects (font (size 1 1) (thickness 0.15)))
    )
    (fp_text value SMD-8_5x3mm (at 0 3.9) (layer F.Fab)
      (effects (font (size 1 1) (thickness 0.15)))
    )
    (fp_line (start 1.5 -2.5) (end 1.5 2.5) (layer F.Fab) (width 0.1))
    (fp_line (start -1.5 2.5) (end 1.5 2.5) (layer F.Fab) (width 0.1))
    (fp_text user %R (at 0 0) (layer F.Fab)
      (effects (font (size 1 1) (thickness 0.15)))
    )
    (fp_line (start -1.5 -2.2) (end -1.2 -2.5) (layer F.Fab) (width 0.1))
    (fp_line (start -1.2 -2.5) (end 1.5 -2.5) (layer F.Fab) (width 0.1))
    (fp_line (start -1.5 -2.2) (end -1.5 2.5) (layer F.Fab) (width 0.1))
    (fp_line (start 1.6 2.6) (end 1.35 2.6) (layer F.SilkS) (width 0.1))
    (fp_line (start 1.6 2.6) (end 1.6 2.35) (layer F.SilkS) (width 0.1))
    (fp_line (start -1.6 2.6) (end -1.6 2.35) (layer F.SilkS) (width 0.1))
    (fp_line (start -1.6 2.6) (end -1.35 2.6) (layer F.SilkS) (width 0.1))
    (fp_line (start -1.25 -2.6) (end -1 -2.6) (layer F.SilkS) (width 0.1))
    (fp_line (start -1.75 -2.25) (end -1.6 -2.25) (layer F.SilkS) (width 0.1))
    (fp_line (start 1.6 -2.6) (end 1.35 -2.6) (layer F.SilkS) (width 0.1))
    (fp_line (start 1.6 -2.6) (end 1.6 -2.35) (layer F.SilkS) (width 0.1))
    (fp_line (start -1.6 -2.25) (end -1.25 -2.6) (layer F.SilkS) (width 0.1))
    (fp_line (start 1.9 -2.75) (end -1.9 -2.75) (layer F.CrtYd) (width 0.05))
    (fp_line (start 1.9 -2.75) (end 1.9 2.75) (layer F.CrtYd) (width 0.05))
    (fp_line (start -1.9 -2.75) (end -1.9 2.75) (layer F.CrtYd) (width 0.05))
    (fp_line (start 1.9 2.75) (end -1.9 2.75) (layer F.CrtYd) (width 0.05))
    (pad 8 smd rect (at 1.1 -1.875) (size 1.1 0.6) (layers F.Cu F.Paste F.Mask))
    (pad 7 smd rect (at 1.1 -0.625) (size 1.1 0.6) (layers F.Cu F.Paste F.Mask))
    (pad 6 smd rect (at 1.1 0.625) (size 1.1 0.6) (layers F.Cu F.Paste F.Mask))
    (pad 5 smd rect (at 1.1 1.875) (size 1.1 0.6) (layers F.Cu F.Paste F.Mask))
    (pad 4 smd rect (at -1.1 1.875) (size 1.1 0.6) (layers F.Cu F.Paste F.Mask))
    (pad 3 smd rect (at -1.1 0.625) (size 1.1 0.6) (layers F.Cu F.Paste F.Mask))
    (pad 2 smd rect (at -1.1 -0.625) (size 1.1 0.6) (layers F.Cu F.Paste F.Mask))
    (pad 1 smd rect (at -1.1 -1.875) (size 1.1 0.6) (layers F.Cu F.Paste F.Mask))
  )

  (module TEST2:4x1_ProtoBoard (layer F.Cu) (tedit 5DD41864) (tstamp 5DD4391B)
    (at 179.451 41.91)
    (fp_text reference REF** (at 0 0.5) (layer F.SilkS) hide
      (effects (font (size 1 1) (thickness 0.15)))
    )
    (fp_text value 4x1_ProtoBoard (at 0 -0.5) (layer F.Fab)
      (effects (font (size 1 1) (thickness 0.15)))
    )
    (pad 4 thru_hole circle (at -0.048 3.889) (size 1.5 1.5) (drill 0.8) (layers *.Cu *.Mask))
    (pad 3 thru_hole circle (at -0.048 1.349) (size 1.5 1.5) (drill 0.8) (layers *.Cu *.Mask))
    (pad 2 thru_hole circle (at -0.048 -1.191) (size 1.5 1.5) (drill 0.8) (layers *.Cu *.Mask))
    (pad 1 thru_hole circle (at -0.048 -3.731) (size 1.5 1.5) (drill 0.8) (layers *.Cu *.Mask))
  )

  (module PLCC4:MF_LEDs-PLCC4 (layer B.Cu) (tedit 590423DA) (tstamp 5DD438F3)
    (at 183.642 28.575)
    (descr "DESCRIPTION: FOOTPRINT FOR LEDS IN PLCC4 STANDAR21")
    (tags "DESCRIPTION: FOOTPRINT FOR LEDS IN PLCC4 STANDAR21")
    (solder_mask_margin 0.1016)
    (clearance 0.1016)
    (attr smd)
    (fp_text reference REF** (at 0.9398 2.20726) (layer B.SilkS) hide
      (effects (font (size 1.016 1.016) (thickness 0.1524)) (justify mirror))
    )
    (fp_text value VAL** (at 0.9398 3.73126) (layer B.Fab) hide
      (effects (font (size 1.016 1.016) (thickness 0.1524)) (justify mirror))
    )
    (fp_circle (center 0 0) (end -0.2794 -0.2794) (layer B.SilkS) (width 0.0635))
    (fp_line (start -3.19024 1.25984) (end -3.19786 1.1938) (layer B.SilkS) (width 0.127))
    (fp_line (start -3.16484 1.3208) (end -3.19024 1.25984) (layer B.SilkS) (width 0.127))
    (fp_line (start -3.1242 1.37414) (end -3.16484 1.3208) (layer B.SilkS) (width 0.127))
    (fp_line (start -3.07086 1.41478) (end -3.1242 1.37414) (layer B.SilkS) (width 0.127))
    (fp_line (start -3.0099 1.44018) (end -3.07086 1.41478) (layer B.SilkS) (width 0.127))
    (fp_line (start -2.94386 1.4478) (end -3.0099 1.44018) (layer B.SilkS) (width 0.127))
    (fp_line (start -2.88036 1.44018) (end -2.94386 1.4478) (layer B.SilkS) (width 0.127))
    (fp_line (start -2.82194 1.41478) (end -2.88036 1.44018) (layer B.SilkS) (width 0.127))
    (fp_line (start -2.77114 1.37668) (end -2.82194 1.41478) (layer B.SilkS) (width 0.127))
    (fp_line (start -2.7305 1.32588) (end -2.77114 1.37668) (layer B.SilkS) (width 0.127))
    (fp_line (start -2.70764 1.26746) (end -2.7305 1.32588) (layer B.SilkS) (width 0.127))
    (fp_line (start -2.69748 1.20396) (end -2.70764 1.26746) (layer B.SilkS) (width 0.127))
    (fp_line (start -2.70764 1.13792) (end -2.69748 1.20396) (layer B.SilkS) (width 0.127))
    (fp_line (start -2.73304 1.07696) (end -2.70764 1.13792) (layer B.SilkS) (width 0.127))
    (fp_line (start -2.77368 1.02362) (end -2.73304 1.07696) (layer B.SilkS) (width 0.127))
    (fp_line (start -2.82448 0.98298) (end -2.77368 1.02362) (layer B.SilkS) (width 0.127))
    (fp_line (start -2.88798 0.95758) (end -2.82448 0.98298) (layer B.SilkS) (width 0.127))
    (fp_line (start -2.95148 0.94996) (end -2.88798 0.95758) (layer B.SilkS) (width 0.127))
    (fp_line (start -3.01752 0.95758) (end -2.95148 0.94996) (layer B.SilkS) (width 0.127))
    (fp_line (start -3.07594 0.98044) (end -3.01752 0.95758) (layer B.SilkS) (width 0.127))
    (fp_line (start -3.12674 1.02108) (end -3.07594 0.98044) (layer B.SilkS) (width 0.127))
    (fp_line (start -3.16484 1.07188) (end -3.12674 1.02108) (layer B.SilkS) (width 0.127))
    (fp_line (start -3.19024 1.1303) (end -3.16484 1.07188) (layer B.SilkS) (width 0.127))
    (fp_line (start -3.19786 1.1938) (end -3.19024 1.1303) (layer B.SilkS) (width 0.127))
    (fp_line (start -1.59766 1.39954) (end -1.59766 1.34874) (layer B.SilkS) (width 0.127))
    (fp_line (start -1.59766 -1.39954) (end -1.59766 -1.34874) (layer B.SilkS) (width 0.127))
    (fp_line (start 1.59766 1.39954) (end 1.59766 1.34874) (layer B.SilkS) (width 0.127))
    (fp_line (start 1.59766 -1.39954) (end 1.59766 -1.34874) (layer B.SilkS) (width 0.127))
    (fp_line (start 1.59766 -0.14986) (end 1.59766 0.14986) (layer B.SilkS) (width 0.127))
    (fp_line (start -1.59766 -0.14986) (end -1.59766 0.09906) (layer B.SilkS) (width 0.127))
    (fp_line (start 1.59766 -1.39954) (end -1.59766 -1.39954) (layer B.SilkS) (width 0.127))
    (fp_line (start -1.59766 1.39954) (end 1.59766 1.39954) (layer B.SilkS) (width 0.127))
    (pad 4 smd rect (at 1.5494 0.7493 270) (size 0.89916 1.4986) (layers B.Cu B.Paste B.Mask))
    (pad 3 smd rect (at 1.5494 -0.7493 270) (size 0.89916 1.4986) (layers B.Cu B.Paste B.Mask))
    (pad 2 smd rect (at -1.5494 -0.7493 270) (size 0.89916 1.4986) (layers B.Cu B.Paste B.Mask))
    (pad 1 smd rect (at -1.5494 0.7493 270) (size 0.89916 1.4986) (layers B.Cu B.Paste B.Mask))
  )

  (module TEST2:4x1_ProtoBoard (layer F.Cu) (tedit 5DD41864) (tstamp 5DD43838)
    (at 164.719 32.893 90)
    (fp_text reference REF** (at 0 0.5 90) (layer F.SilkS) hide
      (effects (font (size 1 1) (thickness 0.15)))
    )
    (fp_text value 4x1_ProtoBoard (at 0 -0.5 90) (layer F.Fab)
      (effects (font (size 1 1) (thickness 0.15)))
    )
    (pad 1 thru_hole circle (at -0.048 -3.731 90) (size 1.5 1.5) (drill 0.8) (layers *.Cu *.Mask))
    (pad 2 thru_hole circle (at -0.048 -1.191 90) (size 1.5 1.5) (drill 0.8) (layers *.Cu *.Mask))
    (pad 3 thru_hole circle (at -0.048 1.349 90) (size 1.5 1.5) (drill 0.8) (layers *.Cu *.Mask))
    (pad 4 thru_hole circle (at -0.048 3.889 90) (size 1.5 1.5) (drill 0.8) (layers *.Cu *.Mask))
  )

  (module TEST2:4x1_ProtoBoard (layer F.Cu) (tedit 5DD41864) (tstamp 5DD43831)
    (at 168.91 41.91)
    (fp_text reference REF** (at 0 0.5) (layer F.SilkS) hide
      (effects (font (size 1 1) (thickness 0.15)))
    )
    (fp_text value 4x1_ProtoBoard (at 0 -0.5) (layer F.Fab)
      (effects (font (size 1 1) (thickness 0.15)))
    )
    (pad 4 thru_hole circle (at -0.048 3.889) (size 1.5 1.5) (drill 0.8) (layers *.Cu *.Mask))
    (pad 3 thru_hole circle (at -0.048 1.349) (size 1.5 1.5) (drill 0.8) (layers *.Cu *.Mask))
    (pad 2 thru_hole circle (at -0.048 -1.191) (size 1.5 1.5) (drill 0.8) (layers *.Cu *.Mask))
    (pad 1 thru_hole circle (at -0.048 -3.731) (size 1.5 1.5) (drill 0.8) (layers *.Cu *.Mask))
  )

  (module ATLANTA:SMD-8_5x3mm (layer F.Cu) (tedit 5D28A4D3) (tstamp 5DD43813)
    (at 164.719 41.91)
    (descr http://www.te.com/commerce/DocumentDelivery/DDEController?Action=srchrtrv&DocNm=MS5607-02BA03&DocType=Data+Sheet&DocLang=English)
    (attr smd)
    (fp_text reference REF** (at 0 -3.65) (layer F.SilkS) hide
      (effects (font (size 1 1) (thickness 0.15)))
    )
    (fp_text value SMD-8_5x3mm (at 0 3.9) (layer F.Fab)
      (effects (font (size 1 1) (thickness 0.15)))
    )
    (fp_line (start 1.9 2.75) (end -1.9 2.75) (layer F.CrtYd) (width 0.05))
    (fp_line (start -1.9 -2.75) (end -1.9 2.75) (layer F.CrtYd) (width 0.05))
    (fp_line (start 1.9 -2.75) (end 1.9 2.75) (layer F.CrtYd) (width 0.05))
    (fp_line (start 1.9 -2.75) (end -1.9 -2.75) (layer F.CrtYd) (width 0.05))
    (fp_line (start -1.6 -2.25) (end -1.25 -2.6) (layer F.SilkS) (width 0.1))
    (fp_line (start 1.6 -2.6) (end 1.6 -2.35) (layer F.SilkS) (width 0.1))
    (fp_line (start 1.6 -2.6) (end 1.35 -2.6) (layer F.SilkS) (width 0.1))
    (fp_line (start -1.75 -2.25) (end -1.6 -2.25) (layer F.SilkS) (width 0.1))
    (fp_line (start -1.25 -2.6) (end -1 -2.6) (layer F.SilkS) (width 0.1))
    (fp_line (start -1.6 2.6) (end -1.35 2.6) (layer F.SilkS) (width 0.1))
    (fp_line (start -1.6 2.6) (end -1.6 2.35) (layer F.SilkS) (width 0.1))
    (fp_line (start 1.6 2.6) (end 1.6 2.35) (layer F.SilkS) (width 0.1))
    (fp_line (start 1.6 2.6) (end 1.35 2.6) (layer F.SilkS) (width 0.1))
    (fp_line (start -1.5 -2.2) (end -1.5 2.5) (layer F.Fab) (width 0.1))
    (fp_line (start -1.2 -2.5) (end 1.5 -2.5) (layer F.Fab) (width 0.1))
    (fp_line (start -1.5 -2.2) (end -1.2 -2.5) (layer F.Fab) (width 0.1))
    (fp_text user %R (at 0 0) (layer F.Fab)
      (effects (font (size 1 1) (thickness 0.15)))
    )
    (fp_line (start -1.5 2.5) (end 1.5 2.5) (layer F.Fab) (width 0.1))
    (fp_line (start 1.5 -2.5) (end 1.5 2.5) (layer F.Fab) (width 0.1))
    (pad 1 smd rect (at -1.1 -1.875) (size 1.1 0.6) (layers F.Cu F.Paste F.Mask))
    (pad 2 smd rect (at -1.1 -0.625) (size 1.1 0.6) (layers F.Cu F.Paste F.Mask))
    (pad 3 smd rect (at -1.1 0.625) (size 1.1 0.6) (layers F.Cu F.Paste F.Mask))
    (pad 4 smd rect (at -1.1 1.875) (size 1.1 0.6) (layers F.Cu F.Paste F.Mask))
    (pad 5 smd rect (at 1.1 1.875) (size 1.1 0.6) (layers F.Cu F.Paste F.Mask))
    (pad 6 smd rect (at 1.1 0.625) (size 1.1 0.6) (layers F.Cu F.Paste F.Mask))
    (pad 7 smd rect (at 1.1 -0.625) (size 1.1 0.6) (layers F.Cu F.Paste F.Mask))
    (pad 8 smd rect (at 1.1 -1.875) (size 1.1 0.6) (layers F.Cu F.Paste F.Mask))
  )

  (module TEST2:4x1_ProtoBoard (layer F.Cu) (tedit 5DD41864) (tstamp 5DD4380C)
    (at 160.528 41.91)
    (fp_text reference REF** (at 0 0.5) (layer F.SilkS) hide
      (effects (font (size 1 1) (thickness 0.15)))
    )
    (fp_text value 4x1_ProtoBoard (at 0 -0.5) (layer F.Fab)
      (effects (font (size 1 1) (thickness 0.15)))
    )
    (pad 1 thru_hole circle (at -0.048 -3.731) (size 1.5 1.5) (drill 0.8) (layers *.Cu *.Mask))
    (pad 2 thru_hole circle (at -0.048 -1.191) (size 1.5 1.5) (drill 0.8) (layers *.Cu *.Mask))
    (pad 3 thru_hole circle (at -0.048 1.349) (size 1.5 1.5) (drill 0.8) (layers *.Cu *.Mask))
    (pad 4 thru_hole circle (at -0.048 3.889) (size 1.5 1.5) (drill 0.8) (layers *.Cu *.Mask))
  )

  (module PLCC4:MF_LEDs-PLCC4 (layer B.Cu) (tedit 590423DA) (tstamp 5DD437E4)
    (at 164.719 28.575)
    (descr "DESCRIPTION: FOOTPRINT FOR LEDS IN PLCC4 STANDAR21")
    (tags "DESCRIPTION: FOOTPRINT FOR LEDS IN PLCC4 STANDAR21")
    (solder_mask_margin 0.1016)
    (clearance 0.1016)
    (attr smd)
    (fp_text reference REF** (at 0.9398 2.20726) (layer B.SilkS) hide
      (effects (font (size 1.016 1.016) (thickness 0.1524)) (justify mirror))
    )
    (fp_text value VAL** (at 0.9398 3.73126) (layer B.Fab) hide
      (effects (font (size 1.016 1.016) (thickness 0.1524)) (justify mirror))
    )
    (fp_line (start -1.59766 1.39954) (end 1.59766 1.39954) (layer B.SilkS) (width 0.127))
    (fp_line (start 1.59766 -1.39954) (end -1.59766 -1.39954) (layer B.SilkS) (width 0.127))
    (fp_line (start -1.59766 -0.14986) (end -1.59766 0.09906) (layer B.SilkS) (width 0.127))
    (fp_line (start 1.59766 -0.14986) (end 1.59766 0.14986) (layer B.SilkS) (width 0.127))
    (fp_line (start 1.59766 -1.39954) (end 1.59766 -1.34874) (layer B.SilkS) (width 0.127))
    (fp_line (start 1.59766 1.39954) (end 1.59766 1.34874) (layer B.SilkS) (width 0.127))
    (fp_line (start -1.59766 -1.39954) (end -1.59766 -1.34874) (layer B.SilkS) (width 0.127))
    (fp_line (start -1.59766 1.39954) (end -1.59766 1.34874) (layer B.SilkS) (width 0.127))
    (fp_line (start -3.19786 1.1938) (end -3.19024 1.1303) (layer B.SilkS) (width 0.127))
    (fp_line (start -3.19024 1.1303) (end -3.16484 1.07188) (layer B.SilkS) (width 0.127))
    (fp_line (start -3.16484 1.07188) (end -3.12674 1.02108) (layer B.SilkS) (width 0.127))
    (fp_line (start -3.12674 1.02108) (end -3.07594 0.98044) (layer B.SilkS) (width 0.127))
    (fp_line (start -3.07594 0.98044) (end -3.01752 0.95758) (layer B.SilkS) (width 0.127))
    (fp_line (start -3.01752 0.95758) (end -2.95148 0.94996) (layer B.SilkS) (width 0.127))
    (fp_line (start -2.95148 0.94996) (end -2.88798 0.95758) (layer B.SilkS) (width 0.127))
    (fp_line (start -2.88798 0.95758) (end -2.82448 0.98298) (layer B.SilkS) (width 0.127))
    (fp_line (start -2.82448 0.98298) (end -2.77368 1.02362) (layer B.SilkS) (width 0.127))
    (fp_line (start -2.77368 1.02362) (end -2.73304 1.07696) (layer B.SilkS) (width 0.127))
    (fp_line (start -2.73304 1.07696) (end -2.70764 1.13792) (layer B.SilkS) (width 0.127))
    (fp_line (start -2.70764 1.13792) (end -2.69748 1.20396) (layer B.SilkS) (width 0.127))
    (fp_line (start -2.69748 1.20396) (end -2.70764 1.26746) (layer B.SilkS) (width 0.127))
    (fp_line (start -2.70764 1.26746) (end -2.7305 1.32588) (layer B.SilkS) (width 0.127))
    (fp_line (start -2.7305 1.32588) (end -2.77114 1.37668) (layer B.SilkS) (width 0.127))
    (fp_line (start -2.77114 1.37668) (end -2.82194 1.41478) (layer B.SilkS) (width 0.127))
    (fp_line (start -2.82194 1.41478) (end -2.88036 1.44018) (layer B.SilkS) (width 0.127))
    (fp_line (start -2.88036 1.44018) (end -2.94386 1.4478) (layer B.SilkS) (width 0.127))
    (fp_line (start -2.94386 1.4478) (end -3.0099 1.44018) (layer B.SilkS) (width 0.127))
    (fp_line (start -3.0099 1.44018) (end -3.07086 1.41478) (layer B.SilkS) (width 0.127))
    (fp_line (start -3.07086 1.41478) (end -3.1242 1.37414) (layer B.SilkS) (width 0.127))
    (fp_line (start -3.1242 1.37414) (end -3.16484 1.3208) (layer B.SilkS) (width 0.127))
    (fp_line (start -3.16484 1.3208) (end -3.19024 1.25984) (layer B.SilkS) (width 0.127))
    (fp_line (start -3.19024 1.25984) (end -3.19786 1.1938) (layer B.SilkS) (width 0.127))
    (fp_circle (center 0 0) (end -0.2794 -0.2794) (layer B.SilkS) (width 0.0635))
    (pad 1 smd rect (at -1.5494 0.7493 270) (size 0.89916 1.4986) (layers B.Cu B.Paste B.Mask))
    (pad 2 smd rect (at -1.5494 -0.7493 270) (size 0.89916 1.4986) (layers B.Cu B.Paste B.Mask))
    (pad 3 smd rect (at 1.5494 -0.7493 270) (size 0.89916 1.4986) (layers B.Cu B.Paste B.Mask))
    (pad 4 smd rect (at 1.5494 0.7493 270) (size 0.89916 1.4986) (layers B.Cu B.Paste B.Mask))
  )

  (module TEST2:4x1_ProtoBoard (layer F.Cu) (tedit 5DD41864) (tstamp 5DD43728)
    (at 145.669 32.893 90)
    (fp_text reference REF** (at 0 0.5 90) (layer F.SilkS) hide
      (effects (font (size 1 1) (thickness 0.15)))
    )
    (fp_text value 4x1_ProtoBoard (at 0 -0.5 90) (layer F.Fab)
      (effects (font (size 1 1) (thickness 0.15)))
    )
    (pad 4 thru_hole circle (at -0.048 3.889 90) (size 1.5 1.5) (drill 0.8) (layers *.Cu *.Mask))
    (pad 3 thru_hole circle (at -0.048 1.349 90) (size 1.5 1.5) (drill 0.8) (layers *.Cu *.Mask))
    (pad 2 thru_hole circle (at -0.048 -1.191 90) (size 1.5 1.5) (drill 0.8) (layers *.Cu *.Mask))
    (pad 1 thru_hole circle (at -0.048 -3.731 90) (size 1.5 1.5) (drill 0.8) (layers *.Cu *.Mask))
  )

  (module TEST2:4x1_ProtoBoard (layer F.Cu) (tedit 5DD41864) (tstamp 5DD43721)
    (at 149.86 41.91)
    (fp_text reference REF** (at 0 0.5) (layer F.SilkS) hide
      (effects (font (size 1 1) (thickness 0.15)))
    )
    (fp_text value 4x1_ProtoBoard (at 0 -0.5) (layer F.Fab)
      (effects (font (size 1 1) (thickness 0.15)))
    )
    (pad 1 thru_hole circle (at -0.048 -3.731) (size 1.5 1.5) (drill 0.8) (layers *.Cu *.Mask))
    (pad 2 thru_hole circle (at -0.048 -1.191) (size 1.5 1.5) (drill 0.8) (layers *.Cu *.Mask))
    (pad 3 thru_hole circle (at -0.048 1.349) (size 1.5 1.5) (drill 0.8) (layers *.Cu *.Mask))
    (pad 4 thru_hole circle (at -0.048 3.889) (size 1.5 1.5) (drill 0.8) (layers *.Cu *.Mask))
  )

  (module ATLANTA:SMD-8_5x3mm (layer F.Cu) (tedit 5D28A4D3) (tstamp 5DD43703)
    (at 145.669 41.91)
    (descr http://www.te.com/commerce/DocumentDelivery/DDEController?Action=srchrtrv&DocNm=MS5607-02BA03&DocType=Data+Sheet&DocLang=English)
    (attr smd)
    (fp_text reference REF** (at 0 -3.65) (layer F.SilkS) hide
      (effects (font (size 1 1) (thickness 0.15)))
    )
    (fp_text value SMD-8_5x3mm (at 0 3.9) (layer F.Fab)
      (effects (font (size 1 1) (thickness 0.15)))
    )
    (fp_line (start 1.5 -2.5) (end 1.5 2.5) (layer F.Fab) (width 0.1))
    (fp_line (start -1.5 2.5) (end 1.5 2.5) (layer F.Fab) (width 0.1))
    (fp_text user %R (at 0 0) (layer F.Fab)
      (effects (font (size 1 1) (thickness 0.15)))
    )
    (fp_line (start -1.5 -2.2) (end -1.2 -2.5) (layer F.Fab) (width 0.1))
    (fp_line (start -1.2 -2.5) (end 1.5 -2.5) (layer F.Fab) (width 0.1))
    (fp_line (start -1.5 -2.2) (end -1.5 2.5) (layer F.Fab) (width 0.1))
    (fp_line (start 1.6 2.6) (end 1.35 2.6) (layer F.SilkS) (width 0.1))
    (fp_line (start 1.6 2.6) (end 1.6 2.35) (layer F.SilkS) (width 0.1))
    (fp_line (start -1.6 2.6) (end -1.6 2.35) (layer F.SilkS) (width 0.1))
    (fp_line (start -1.6 2.6) (end -1.35 2.6) (layer F.SilkS) (width 0.1))
    (fp_line (start -1.25 -2.6) (end -1 -2.6) (layer F.SilkS) (width 0.1))
    (fp_line (start -1.75 -2.25) (end -1.6 -2.25) (layer F.SilkS) (width 0.1))
    (fp_line (start 1.6 -2.6) (end 1.35 -2.6) (layer F.SilkS) (width 0.1))
    (fp_line (start 1.6 -2.6) (end 1.6 -2.35) (layer F.SilkS) (width 0.1))
    (fp_line (start -1.6 -2.25) (end -1.25 -2.6) (layer F.SilkS) (width 0.1))
    (fp_line (start 1.9 -2.75) (end -1.9 -2.75) (layer F.CrtYd) (width 0.05))
    (fp_line (start 1.9 -2.75) (end 1.9 2.75) (layer F.CrtYd) (width 0.05))
    (fp_line (start -1.9 -2.75) (end -1.9 2.75) (layer F.CrtYd) (width 0.05))
    (fp_line (start 1.9 2.75) (end -1.9 2.75) (layer F.CrtYd) (width 0.05))
    (pad 8 smd rect (at 1.1 -1.875) (size 1.1 0.6) (layers F.Cu F.Paste F.Mask))
    (pad 7 smd rect (at 1.1 -0.625) (size 1.1 0.6) (layers F.Cu F.Paste F.Mask))
    (pad 6 smd rect (at 1.1 0.625) (size 1.1 0.6) (layers F.Cu F.Paste F.Mask))
    (pad 5 smd rect (at 1.1 1.875) (size 1.1 0.6) (layers F.Cu F.Paste F.Mask))
    (pad 4 smd rect (at -1.1 1.875) (size 1.1 0.6) (layers F.Cu F.Paste F.Mask))
    (pad 3 smd rect (at -1.1 0.625) (size 1.1 0.6) (layers F.Cu F.Paste F.Mask))
    (pad 2 smd rect (at -1.1 -0.625) (size 1.1 0.6) (layers F.Cu F.Paste F.Mask))
    (pad 1 smd rect (at -1.1 -1.875) (size 1.1 0.6) (layers F.Cu F.Paste F.Mask))
  )

  (module TEST2:4x1_ProtoBoard (layer F.Cu) (tedit 5DD41864) (tstamp 5DD436FC)
    (at 141.478 41.91)
    (fp_text reference REF** (at 0 0.5) (layer F.SilkS) hide
      (effects (font (size 1 1) (thickness 0.15)))
    )
    (fp_text value 4x1_ProtoBoard (at 0 -0.5) (layer F.Fab)
      (effects (font (size 1 1) (thickness 0.15)))
    )
    (pad 4 thru_hole circle (at -0.048 3.889) (size 1.5 1.5) (drill 0.8) (layers *.Cu *.Mask))
    (pad 3 thru_hole circle (at -0.048 1.349) (size 1.5 1.5) (drill 0.8) (layers *.Cu *.Mask))
    (pad 2 thru_hole circle (at -0.048 -1.191) (size 1.5 1.5) (drill 0.8) (layers *.Cu *.Mask))
    (pad 1 thru_hole circle (at -0.048 -3.731) (size 1.5 1.5) (drill 0.8) (layers *.Cu *.Mask))
  )

  (module PLCC4:MF_LEDs-PLCC4 (layer B.Cu) (tedit 590423DA) (tstamp 5DD436D4)
    (at 145.669 28.575)
    (descr "DESCRIPTION: FOOTPRINT FOR LEDS IN PLCC4 STANDAR21")
    (tags "DESCRIPTION: FOOTPRINT FOR LEDS IN PLCC4 STANDAR21")
    (solder_mask_margin 0.1016)
    (clearance 0.1016)
    (attr smd)
    (fp_text reference REF** (at 0.9398 2.20726) (layer B.SilkS) hide
      (effects (font (size 1.016 1.016) (thickness 0.1524)) (justify mirror))
    )
    (fp_text value VAL** (at 0.9398 3.73126) (layer B.Fab) hide
      (effects (font (size 1.016 1.016) (thickness 0.1524)) (justify mirror))
    )
    (fp_circle (center 0 0) (end -0.2794 -0.2794) (layer B.SilkS) (width 0.0635))
    (fp_line (start -3.19024 1.25984) (end -3.19786 1.1938) (layer B.SilkS) (width 0.127))
    (fp_line (start -3.16484 1.3208) (end -3.19024 1.25984) (layer B.SilkS) (width 0.127))
    (fp_line (start -3.1242 1.37414) (end -3.16484 1.3208) (layer B.SilkS) (width 0.127))
    (fp_line (start -3.07086 1.41478) (end -3.1242 1.37414) (layer B.SilkS) (width 0.127))
    (fp_line (start -3.0099 1.44018) (end -3.07086 1.41478) (layer B.SilkS) (width 0.127))
    (fp_line (start -2.94386 1.4478) (end -3.0099 1.44018) (layer B.SilkS) (width 0.127))
    (fp_line (start -2.88036 1.44018) (end -2.94386 1.4478) (layer B.SilkS) (width 0.127))
    (fp_line (start -2.82194 1.41478) (end -2.88036 1.44018) (layer B.SilkS) (width 0.127))
    (fp_line (start -2.77114 1.37668) (end -2.82194 1.41478) (layer B.SilkS) (width 0.127))
    (fp_line (start -2.7305 1.32588) (end -2.77114 1.37668) (layer B.SilkS) (width 0.127))
    (fp_line (start -2.70764 1.26746) (end -2.7305 1.32588) (layer B.SilkS) (width 0.127))
    (fp_line (start -2.69748 1.20396) (end -2.70764 1.26746) (layer B.SilkS) (width 0.127))
    (fp_line (start -2.70764 1.13792) (end -2.69748 1.20396) (layer B.SilkS) (width 0.127))
    (fp_line (start -2.73304 1.07696) (end -2.70764 1.13792) (layer B.SilkS) (width 0.127))
    (fp_line (start -2.77368 1.02362) (end -2.73304 1.07696) (layer B.SilkS) (width 0.127))
    (fp_line (start -2.82448 0.98298) (end -2.77368 1.02362) (layer B.SilkS) (width 0.127))
    (fp_line (start -2.88798 0.95758) (end -2.82448 0.98298) (layer B.SilkS) (width 0.127))
    (fp_line (start -2.95148 0.94996) (end -2.88798 0.95758) (layer B.SilkS) (width 0.127))
    (fp_line (start -3.01752 0.95758) (end -2.95148 0.94996) (layer B.SilkS) (width 0.127))
    (fp_line (start -3.07594 0.98044) (end -3.01752 0.95758) (layer B.SilkS) (width 0.127))
    (fp_line (start -3.12674 1.02108) (end -3.07594 0.98044) (layer B.SilkS) (width 0.127))
    (fp_line (start -3.16484 1.07188) (end -3.12674 1.02108) (layer B.SilkS) (width 0.127))
    (fp_line (start -3.19024 1.1303) (end -3.16484 1.07188) (layer B.SilkS) (width 0.127))
    (fp_line (start -3.19786 1.1938) (end -3.19024 1.1303) (layer B.SilkS) (width 0.127))
    (fp_line (start -1.59766 1.39954) (end -1.59766 1.34874) (layer B.SilkS) (width 0.127))
    (fp_line (start -1.59766 -1.39954) (end -1.59766 -1.34874) (layer B.SilkS) (width 0.127))
    (fp_line (start 1.59766 1.39954) (end 1.59766 1.34874) (layer B.SilkS) (width 0.127))
    (fp_line (start 1.59766 -1.39954) (end 1.59766 -1.34874) (layer B.SilkS) (width 0.127))
    (fp_line (start 1.59766 -0.14986) (end 1.59766 0.14986) (layer B.SilkS) (width 0.127))
    (fp_line (start -1.59766 -0.14986) (end -1.59766 0.09906) (layer B.SilkS) (width 0.127))
    (fp_line (start 1.59766 -1.39954) (end -1.59766 -1.39954) (layer B.SilkS) (width 0.127))
    (fp_line (start -1.59766 1.39954) (end 1.59766 1.39954) (layer B.SilkS) (width 0.127))
    (pad 4 smd rect (at 1.5494 0.7493 270) (size 0.89916 1.4986) (layers B.Cu B.Paste B.Mask))
    (pad 3 smd rect (at 1.5494 -0.7493 270) (size 0.89916 1.4986) (layers B.Cu B.Paste B.Mask))
    (pad 2 smd rect (at -1.5494 -0.7493 270) (size 0.89916 1.4986) (layers B.Cu B.Paste B.Mask))
    (pad 1 smd rect (at -1.5494 0.7493 270) (size 0.89916 1.4986) (layers B.Cu B.Paste B.Mask))
  )

  (module TEST2:4x1_ProtoBoard (layer F.Cu) (tedit 5DD41864) (tstamp 5DD43637)
    (at 127.889 32.893 90)
    (fp_text reference REF** (at 0 0.5 90) (layer F.SilkS) hide
      (effects (font (size 1 1) (thickness 0.15)))
    )
    (fp_text value 4x1_ProtoBoard (at 0 -0.5 90) (layer F.Fab)
      (effects (font (size 1 1) (thickness 0.15)))
    )
    (pad 1 thru_hole circle (at -0.048 -3.731 90) (size 1.5 1.5) (drill 0.8) (layers *.Cu *.Mask))
    (pad 2 thru_hole circle (at -0.048 -1.191 90) (size 1.5 1.5) (drill 0.8) (layers *.Cu *.Mask))
    (pad 3 thru_hole circle (at -0.048 1.349 90) (size 1.5 1.5) (drill 0.8) (layers *.Cu *.Mask))
    (pad 4 thru_hole circle (at -0.048 3.889 90) (size 1.5 1.5) (drill 0.8) (layers *.Cu *.Mask))
  )

  (module TEST2:4x1_ProtoBoard (layer F.Cu) (tedit 5DD41864) (tstamp 5DD43630)
    (at 132.08 41.91)
    (fp_text reference REF** (at 0 0.5) (layer F.SilkS) hide
      (effects (font (size 1 1) (thickness 0.15)))
    )
    (fp_text value 4x1_ProtoBoard (at 0 -0.5) (layer F.Fab)
      (effects (font (size 1 1) (thickness 0.15)))
    )
    (pad 4 thru_hole circle (at -0.048 3.889) (size 1.5 1.5) (drill 0.8) (layers *.Cu *.Mask))
    (pad 3 thru_hole circle (at -0.048 1.349) (size 1.5 1.5) (drill 0.8) (layers *.Cu *.Mask))
    (pad 2 thru_hole circle (at -0.048 -1.191) (size 1.5 1.5) (drill 0.8) (layers *.Cu *.Mask))
    (pad 1 thru_hole circle (at -0.048 -3.731) (size 1.5 1.5) (drill 0.8) (layers *.Cu *.Mask))
  )

  (module ATLANTA:SMD-8_5x3mm (layer F.Cu) (tedit 5D28A4D3) (tstamp 5DD435FA)
    (at 127.889 41.91)
    (descr http://www.te.com/commerce/DocumentDelivery/DDEController?Action=srchrtrv&DocNm=MS5607-02BA03&DocType=Data+Sheet&DocLang=English)
    (attr smd)
    (fp_text reference REF** (at 0 -3.65) (layer F.SilkS) hide
      (effects (font (size 1 1) (thickness 0.15)))
    )
    (fp_text value SMD-8_5x3mm (at 0 3.9) (layer F.Fab)
      (effects (font (size 1 1) (thickness 0.15)))
    )
    (fp_line (start 1.9 2.75) (end -1.9 2.75) (layer F.CrtYd) (width 0.05))
    (fp_line (start -1.9 -2.75) (end -1.9 2.75) (layer F.CrtYd) (width 0.05))
    (fp_line (start 1.9 -2.75) (end 1.9 2.75) (layer F.CrtYd) (width 0.05))
    (fp_line (start 1.9 -2.75) (end -1.9 -2.75) (layer F.CrtYd) (width 0.05))
    (fp_line (start -1.6 -2.25) (end -1.25 -2.6) (layer F.SilkS) (width 0.1))
    (fp_line (start 1.6 -2.6) (end 1.6 -2.35) (layer F.SilkS) (width 0.1))
    (fp_line (start 1.6 -2.6) (end 1.35 -2.6) (layer F.SilkS) (width 0.1))
    (fp_line (start -1.75 -2.25) (end -1.6 -2.25) (layer F.SilkS) (width 0.1))
    (fp_line (start -1.25 -2.6) (end -1 -2.6) (layer F.SilkS) (width 0.1))
    (fp_line (start -1.6 2.6) (end -1.35 2.6) (layer F.SilkS) (width 0.1))
    (fp_line (start -1.6 2.6) (end -1.6 2.35) (layer F.SilkS) (width 0.1))
    (fp_line (start 1.6 2.6) (end 1.6 2.35) (layer F.SilkS) (width 0.1))
    (fp_line (start 1.6 2.6) (end 1.35 2.6) (layer F.SilkS) (width 0.1))
    (fp_line (start -1.5 -2.2) (end -1.5 2.5) (layer F.Fab) (width 0.1))
    (fp_line (start -1.2 -2.5) (end 1.5 -2.5) (layer F.Fab) (width 0.1))
    (fp_line (start -1.5 -2.2) (end -1.2 -2.5) (layer F.Fab) (width 0.1))
    (fp_text user %R (at 0 0) (layer F.Fab)
      (effects (font (size 1 1) (thickness 0.15)))
    )
    (fp_line (start -1.5 2.5) (end 1.5 2.5) (layer F.Fab) (width 0.1))
    (fp_line (start 1.5 -2.5) (end 1.5 2.5) (layer F.Fab) (width 0.1))
    (pad 1 smd rect (at -1.1 -1.875) (size 1.1 0.6) (layers F.Cu F.Paste F.Mask))
    (pad 2 smd rect (at -1.1 -0.625) (size 1.1 0.6) (layers F.Cu F.Paste F.Mask))
    (pad 3 smd rect (at -1.1 0.625) (size 1.1 0.6) (layers F.Cu F.Paste F.Mask))
    (pad 4 smd rect (at -1.1 1.875) (size 1.1 0.6) (layers F.Cu F.Paste F.Mask))
    (pad 5 smd rect (at 1.1 1.875) (size 1.1 0.6) (layers F.Cu F.Paste F.Mask))
    (pad 6 smd rect (at 1.1 0.625) (size 1.1 0.6) (layers F.Cu F.Paste F.Mask))
    (pad 7 smd rect (at 1.1 -0.625) (size 1.1 0.6) (layers F.Cu F.Paste F.Mask))
    (pad 8 smd rect (at 1.1 -1.875) (size 1.1 0.6) (layers F.Cu F.Paste F.Mask))
  )

  (module TEST2:4x1_ProtoBoard (layer F.Cu) (tedit 5DD41864) (tstamp 5DD435F3)
    (at 123.698 41.91)
    (fp_text reference REF** (at 0 0.5) (layer F.SilkS) hide
      (effects (font (size 1 1) (thickness 0.15)))
    )
    (fp_text value 4x1_ProtoBoard (at 0 -0.5) (layer F.Fab)
      (effects (font (size 1 1) (thickness 0.15)))
    )
    (pad 1 thru_hole circle (at -0.048 -3.731) (size 1.5 1.5) (drill 0.8) (layers *.Cu *.Mask))
    (pad 2 thru_hole circle (at -0.048 -1.191) (size 1.5 1.5) (drill 0.8) (layers *.Cu *.Mask))
    (pad 3 thru_hole circle (at -0.048 1.349) (size 1.5 1.5) (drill 0.8) (layers *.Cu *.Mask))
    (pad 4 thru_hole circle (at -0.048 3.889) (size 1.5 1.5) (drill 0.8) (layers *.Cu *.Mask))
  )

  (module PLCC4:MF_LEDs-PLCC4 (layer B.Cu) (tedit 590423DA) (tstamp 5DD435CB)
    (at 127.889 28.575)
    (descr "DESCRIPTION: FOOTPRINT FOR LEDS IN PLCC4 STANDAR21")
    (tags "DESCRIPTION: FOOTPRINT FOR LEDS IN PLCC4 STANDAR21")
    (solder_mask_margin 0.1016)
    (clearance 0.1016)
    (attr smd)
    (fp_text reference REF** (at 0.9398 2.20726) (layer B.SilkS) hide
      (effects (font (size 1.016 1.016) (thickness 0.1524)) (justify mirror))
    )
    (fp_text value VAL** (at 0.9398 3.73126) (layer B.Fab) hide
      (effects (font (size 1.016 1.016) (thickness 0.1524)) (justify mirror))
    )
    (fp_line (start -1.59766 1.39954) (end 1.59766 1.39954) (layer B.SilkS) (width 0.127))
    (fp_line (start 1.59766 -1.39954) (end -1.59766 -1.39954) (layer B.SilkS) (width 0.127))
    (fp_line (start -1.59766 -0.14986) (end -1.59766 0.09906) (layer B.SilkS) (width 0.127))
    (fp_line (start 1.59766 -0.14986) (end 1.59766 0.14986) (layer B.SilkS) (width 0.127))
    (fp_line (start 1.59766 -1.39954) (end 1.59766 -1.34874) (layer B.SilkS) (width 0.127))
    (fp_line (start 1.59766 1.39954) (end 1.59766 1.34874) (layer B.SilkS) (width 0.127))
    (fp_line (start -1.59766 -1.39954) (end -1.59766 -1.34874) (layer B.SilkS) (width 0.127))
    (fp_line (start -1.59766 1.39954) (end -1.59766 1.34874) (layer B.SilkS) (width 0.127))
    (fp_line (start -3.19786 1.1938) (end -3.19024 1.1303) (layer B.SilkS) (width 0.127))
    (fp_line (start -3.19024 1.1303) (end -3.16484 1.07188) (layer B.SilkS) (width 0.127))
    (fp_line (start -3.16484 1.07188) (end -3.12674 1.02108) (layer B.SilkS) (width 0.127))
    (fp_line (start -3.12674 1.02108) (end -3.07594 0.98044) (layer B.SilkS) (width 0.127))
    (fp_line (start -3.07594 0.98044) (end -3.01752 0.95758) (layer B.SilkS) (width 0.127))
    (fp_line (start -3.01752 0.95758) (end -2.95148 0.94996) (layer B.SilkS) (width 0.127))
    (fp_line (start -2.95148 0.94996) (end -2.88798 0.95758) (layer B.SilkS) (width 0.127))
    (fp_line (start -2.88798 0.95758) (end -2.82448 0.98298) (layer B.SilkS) (width 0.127))
    (fp_line (start -2.82448 0.98298) (end -2.77368 1.02362) (layer B.SilkS) (width 0.127))
    (fp_line (start -2.77368 1.02362) (end -2.73304 1.07696) (layer B.SilkS) (width 0.127))
    (fp_line (start -2.73304 1.07696) (end -2.70764 1.13792) (layer B.SilkS) (width 0.127))
    (fp_line (start -2.70764 1.13792) (end -2.69748 1.20396) (layer B.SilkS) (width 0.127))
    (fp_line (start -2.69748 1.20396) (end -2.70764 1.26746) (layer B.SilkS) (width 0.127))
    (fp_line (start -2.70764 1.26746) (end -2.7305 1.32588) (layer B.SilkS) (width 0.127))
    (fp_line (start -2.7305 1.32588) (end -2.77114 1.37668) (layer B.SilkS) (width 0.127))
    (fp_line (start -2.77114 1.37668) (end -2.82194 1.41478) (layer B.SilkS) (width 0.127))
    (fp_line (start -2.82194 1.41478) (end -2.88036 1.44018) (layer B.SilkS) (width 0.127))
    (fp_line (start -2.88036 1.44018) (end -2.94386 1.4478) (layer B.SilkS) (width 0.127))
    (fp_line (start -2.94386 1.4478) (end -3.0099 1.44018) (layer B.SilkS) (width 0.127))
    (fp_line (start -3.0099 1.44018) (end -3.07086 1.41478) (layer B.SilkS) (width 0.127))
    (fp_line (start -3.07086 1.41478) (end -3.1242 1.37414) (layer B.SilkS) (width 0.127))
    (fp_line (start -3.1242 1.37414) (end -3.16484 1.3208) (layer B.SilkS) (width 0.127))
    (fp_line (start -3.16484 1.3208) (end -3.19024 1.25984) (layer B.SilkS) (width 0.127))
    (fp_line (start -3.19024 1.25984) (end -3.19786 1.1938) (layer B.SilkS) (width 0.127))
    (fp_circle (center 0 0) (end -0.2794 -0.2794) (layer B.SilkS) (width 0.0635))
    (pad 1 smd rect (at -1.5494 0.7493 270) (size 0.89916 1.4986) (layers B.Cu B.Paste B.Mask))
    (pad 2 smd rect (at -1.5494 -0.7493 270) (size 0.89916 1.4986) (layers B.Cu B.Paste B.Mask))
    (pad 3 smd rect (at 1.5494 -0.7493 270) (size 0.89916 1.4986) (layers B.Cu B.Paste B.Mask))
    (pad 4 smd rect (at 1.5494 0.7493 270) (size 0.89916 1.4986) (layers B.Cu B.Paste B.Mask))
  )

  (module ATLANTA:SMD-8_5x3mm (layer F.Cu) (tedit 5D28A4D3) (tstamp 5DD433E7)
    (at 183.896 64.262)
    (descr http://www.te.com/commerce/DocumentDelivery/DDEController?Action=srchrtrv&DocNm=MS5607-02BA03&DocType=Data+Sheet&DocLang=English)
    (attr smd)
    (fp_text reference REF** (at 0 -3.65) (layer F.SilkS) hide
      (effects (font (size 1 1) (thickness 0.15)))
    )
    (fp_text value SMD-8_5x3mm (at 0 3.9) (layer F.Fab)
      (effects (font (size 1 1) (thickness 0.15)))
    )
    (fp_line (start 1.9 2.75) (end -1.9 2.75) (layer F.CrtYd) (width 0.05))
    (fp_line (start -1.9 -2.75) (end -1.9 2.75) (layer F.CrtYd) (width 0.05))
    (fp_line (start 1.9 -2.75) (end 1.9 2.75) (layer F.CrtYd) (width 0.05))
    (fp_line (start 1.9 -2.75) (end -1.9 -2.75) (layer F.CrtYd) (width 0.05))
    (fp_line (start -1.6 -2.25) (end -1.25 -2.6) (layer F.SilkS) (width 0.1))
    (fp_line (start 1.6 -2.6) (end 1.6 -2.35) (layer F.SilkS) (width 0.1))
    (fp_line (start 1.6 -2.6) (end 1.35 -2.6) (layer F.SilkS) (width 0.1))
    (fp_line (start -1.75 -2.25) (end -1.6 -2.25) (layer F.SilkS) (width 0.1))
    (fp_line (start -1.25 -2.6) (end -1 -2.6) (layer F.SilkS) (width 0.1))
    (fp_line (start -1.6 2.6) (end -1.35 2.6) (layer F.SilkS) (width 0.1))
    (fp_line (start -1.6 2.6) (end -1.6 2.35) (layer F.SilkS) (width 0.1))
    (fp_line (start 1.6 2.6) (end 1.6 2.35) (layer F.SilkS) (width 0.1))
    (fp_line (start 1.6 2.6) (end 1.35 2.6) (layer F.SilkS) (width 0.1))
    (fp_line (start -1.5 -2.2) (end -1.5 2.5) (layer F.Fab) (width 0.1))
    (fp_line (start -1.2 -2.5) (end 1.5 -2.5) (layer F.Fab) (width 0.1))
    (fp_line (start -1.5 -2.2) (end -1.2 -2.5) (layer F.Fab) (width 0.1))
    (fp_text user %R (at 0 0) (layer F.Fab)
      (effects (font (size 1 1) (thickness 0.15)))
    )
    (fp_line (start -1.5 2.5) (end 1.5 2.5) (layer F.Fab) (width 0.1))
