(kicad_pcb (version 20171130) (host pcbnew "(5.1.4)-1")

  (general
    (thickness 1.6)
    (drawings 110)
    (tracks 80)
    (zones 0)
    (modules 40)
    (nets 1)
  )

  (page A4)
  (layers
    (0 F.Cu signal)
    (31 B.Cu signal)
    (32 B.Adhes user)
    (33 F.Adhes user)
    (34 B.Paste user)
    (35 F.Paste user)
    (36 B.SilkS user)
    (37 F.SilkS user)
    (38 B.Mask user)
    (39 F.Mask user)
    (40 Dwgs.User user)
    (41 Cmts.User user)
    (42 Eco1.User user)
    (43 Eco2.User user)
    (44 Edge.Cuts user)
    (45 Margin user)
    (46 B.CrtYd user)
    (47 F.CrtYd user)
    (48 B.Fab user)
    (49 F.Fab user hide)
  )

  (setup
    (last_trace_width 0.25)
    (trace_clearance 0.2)
    (zone_clearance 0.508)
    (zone_45_only no)
    (trace_min 0.2)
    (via_size 0.8)
    (via_drill 0.4)
    (via_min_size 0.4)
    (via_min_drill 0.3)
    (uvia_size 0.3)
    (uvia_drill 0.1)
    (uvias_allowed no)
    (uvia_min_size 0.2)
    (uvia_min_drill 0.1)
    (edge_width 0.05)
    (segment_width 0.2)
    (pcb_text_width 0.3)
    (pcb_text_size 1.5 1.5)
    (mod_edge_width 0.12)
    (mod_text_size 1 1)
    (mod_text_width 0.15)
    (pad_size 1.524 1.524)
    (pad_drill 0.762)
    (pad_to_mask_clearance 0.051)
    (solder_mask_min_width 0.25)
    (aux_axis_origin 0 0)
    (visible_elements 7FFFFFFF)
    (pcbplotparams
      (layerselection 0x010fc_ffffffff)
      (usegerberextensions false)
      (usegerberattributes false)
      (usegerberadvancedattributes false)
      (creategerberjobfile false)
      (excludeedgelayer true)
      (linewidth 0.100000)
      (plotframeref false)
      (viasonmask false)
      (mode 1)
      (useauxorigin false)
      (hpglpennumber 1)
      (hpglpenspeed 20)
      (hpglpendiameter 15.000000)
      (psnegative false)
      (psa4output false)
      (plotreference true)
      (plotvalue true)
      (plotinvisibletext false)
      (padsonsilk false)
      (subtractmaskfromsilk false)
      (outputformat 1)
      (mirror false)
      (drillshape 0)
      (scaleselection 1)
      (outputdirectory "bob_ws2811_gerber"))
  )

  (net 0 "")

  (net_class Default "This is the default net class."
    (clearance 0.2)
    (trace_width 0.25)
    (via_dia 0.8)
    (via_drill 0.4)
    (uvia_dia 0.3)
    (uvia_drill 0.1)
  )

  (module ShiftyBit:WS2811-Driver-Chip (layer F.Cu) (tedit 5DE2EFDB) (tstamp 5DE3F089)
    (at 111.633 65.786)
    (descr http://www.te.com/commerce/DocumentDelivery/DDEController?Action=srchrtrv&DocNm=MS5607-02BA03&DocType=Data+Sheet&DocLang=English)
    (attr smd)
    (fp_text reference REF** (at 8.128 -14.859) (layer F.SilkS) hide
      (effects (font (size 1 1) (thickness 0.15)))
    )
    (fp_text value WS2811-Driver-Chip (at 0 3.9) (layer F.Fab)
      (effects (font (size 1 1) (thickness 0.15)))
    )
    (fp_line (start 2.5 2.75) (end -2.5 2.75) (layer F.CrtYd) (width 0.05))
    (fp_line (start -2.5 -2.75) (end -2.5 2.75) (layer F.CrtYd) (width 0.05))
    (fp_line (start 2.5 -2.75) (end 2.5 2.75) (layer F.CrtYd) (width 0.05))
    (fp_line (start 2.5 -2.75) (end -2.5 -2.75) (layer F.CrtYd) (width 0.05))
    (fp_line (start -1.6 -2.25) (end -1.25 -2.6) (layer F.SilkS) (width 0.1))
    (fp_line (start 1.6 -2.6) (end 1.6 -2.35) (layer F.SilkS) (width 0.1))
    (fp_line (start 1.6 -2.6) (end 1.35 -2.6) (layer F.SilkS) (width 0.1))
    (fp_line (start -1.75 -2.25) (end -1.6 -2.25) (layer F.SilkS) (width 0.1))
    (fp_line (start -1.25 -2.6) (end -1 -2.6) (layer F.SilkS) (width 0.1))
    (fp_line (start -1.6 2.6) (end -1.35 2.6) (layer F.SilkS) (width 0.1))
    (fp_line (start -1.6 2.6) (end -1.6 2.35) (layer F.SilkS) (width 0.1))
    (fp_line (start 1.6 2.6) (end 1.6 2.35) (layer F.SilkS) (width 0.1))
    (fp_line (start 1.6 2.6) (end 1.35 2.6) (layer F.SilkS) (width 0.1))
    (fp_line (start -2 -2.5) (end -2 2.5) (layer F.Fab) (width 0.1))
    (fp_line (start -2 -2.5) (end 2 -2.5) (layer F.Fab) (width 0.1))
    (fp_line (start -2 2.5) (end 2 2.5) (layer F.Fab) (width 0.1))
    (fp_line (start 2 -2.5) (end 2 2.5) (layer F.Fab) (width 0.1))
    (pad 1 smd rect (at -2.5 -1.875) (size 1.4 0.6) (layers F.Cu F.Paste F.Mask))
    (pad 2 smd rect (at -2.5 -0.625) (size 1.4 0.6) (layers F.Cu F.Paste F.Mask))
    (pad 3 smd rect (at -2.5 0.625) (size 1.4 0.6) (layers F.Cu F.Paste F.Mask))
    (pad 4 smd rect (at -2.5 1.875) (size 1.4 0.6) (layers F.Cu F.Paste F.Mask))
    (pad 5 smd rect (at 2.5 1.875) (size 1.4 0.6) (layers F.Cu F.Paste F.Mask))
    (pad 6 smd rect (at 2.5 0.625) (size 1.4 0.6) (layers F.Cu F.Paste F.Mask))
    (pad 7 smd rect (at 2.5 -0.625) (size 1.4 0.6) (layers F.Cu F.Paste F.Mask))
    (pad 8 smd rect (at 2.5 -1.875) (size 1.4 0.6) (layers F.Cu F.Paste F.Mask))
  )

  (module ShiftyBit:SunLed (layer B.Cu) (tedit 5DE30CED) (tstamp 5DE3F061)
    (at 111.633 52.197)
    (descr "DESCRIPTION: FOOTPRINT FOR LEDS IN PLCC4 STANDAR21")
    (tags "DESCRIPTION: FOOTPRINT FOR LEDS IN PLCC4 STANDAR21")
    (solder_mask_margin 0.1016)
    (clearance 0.1016)
    (attr smd)
    (fp_text reference REF** (at -8.382 4.572 180) (layer B.SilkS) hide
      (effects (font (size 1.016 1.016) (thickness 0.1524)))
    )
    (fp_text value VAL** (at -8.001 -1.397) (layer B.Fab) hide
      (effects (font (size 1.016 1.016) (thickness 0.1524)))
    )
    (fp_line (start -1.59766 1.39954) (end 1.59766 1.39954) (layer B.SilkS) (width 0.127))
    (fp_line (start 1.59766 -1.39954) (end -1.59766 -1.39954) (layer B.SilkS) (width 0.127))
    (fp_line (start -1.59766 -0.14986) (end -1.59766 0.09906) (layer B.SilkS) (width 0.127))
    (fp_line (start 1.59766 -0.14986) (end 1.59766 0.14986) (layer B.SilkS) (width 0.127))
    (fp_line (start 1.59766 -1.39954) (end 1.59766 -1.34874) (layer B.SilkS) (width 0.127))
    (fp_line (start 1.59766 1.39954) (end 1.59766 1.34874) (layer B.SilkS) (width 0.127))
    (fp_line (start -1.59766 -1.39954) (end -1.59766 -1.34874) (layer B.SilkS) (width 0.127))
    (fp_line (start -1.59766 1.39954) (end -1.59766 1.34874) (layer B.SilkS) (width 0.127))
    (fp_line (start 2.00914 1.8288) (end 2.01676 1.7653) (layer B.SilkS) (width 0.127))
    (fp_line (start 2.01676 1.7653) (end 2.04216 1.70688) (layer B.SilkS) (width 0.127))
    (fp_line (start 2.04216 1.70688) (end 2.08026 1.65608) (layer B.SilkS) (width 0.127))
    (fp_line (start 2.08026 1.65608) (end 2.13106 1.61544) (layer B.SilkS) (width 0.127))
    (fp_line (start 2.13106 1.61544) (end 2.18948 1.59258) (layer B.SilkS) (width 0.127))
    (fp_line (start 2.18948 1.59258) (end 2.25552 1.58496) (layer B.SilkS) (width 0.127))
    (fp_line (start 2.25552 1.58496) (end 2.31902 1.59258) (layer B.SilkS) (width 0.127))
    (fp_line (start 2.31902 1.59258) (end 2.38252 1.61798) (layer B.SilkS) (width 0.127))
    (fp_line (start 2.38252 1.61798) (end 2.43332 1.65862) (layer B.SilkS) (width 0.127))
    (fp_line (start 2.43332 1.65862) (end 2.47396 1.71196) (layer B.SilkS) (width 0.127))
    (fp_line (start 2.47396 1.71196) (end 2.49936 1.77292) (layer B.SilkS) (width 0.127))
    (fp_line (start 2.49936 1.77292) (end 2.50952 1.83896) (layer B.SilkS) (width 0.127))
    (fp_line (start 2.50952 1.83896) (end 2.49936 1.90246) (layer B.SilkS) (width 0.127))
    (fp_line (start 2.49936 1.90246) (end 2.4765 1.96088) (layer B.SilkS) (width 0.127))
    (fp_line (start 2.4765 1.96088) (end 2.43586 2.01168) (layer B.SilkS) (width 0.127))
    (fp_line (start 2.43586 2.01168) (end 2.38506 2.04978) (layer B.SilkS) (width 0.127))
    (fp_line (start 2.38506 2.04978) (end 2.32664 2.07518) (layer B.SilkS) (width 0.127))
    (fp_line (start 2.32664 2.07518) (end 2.26314 2.0828) (layer B.SilkS) (width 0.127))
    (fp_line (start 2.26314 2.0828) (end 2.1971 2.07518) (layer B.SilkS) (width 0.127))
    (fp_line (start 2.1971 2.07518) (end 2.13614 2.04978) (layer B.SilkS) (width 0.127))
    (fp_line (start 2.13614 2.04978) (end 2.0828 2.00914) (layer B.SilkS) (width 0.127))
    (fp_line (start 2.0828 2.00914) (end 2.04216 1.9558) (layer B.SilkS) (width 0.127))
    (fp_line (start 2.04216 1.9558) (end 2.01676 1.89484) (layer B.SilkS) (width 0.127))
    (fp_line (start 2.01676 1.89484) (end 2.00914 1.8288) (layer B.SilkS) (width 0.127))
    (fp_poly (pts (xy -0.3048 0.1778) (xy 0.3048 0.1778) (xy 0.3048 -0.2286) (xy -0.3048 -0.2286)) (layer B.Mask) (width 0.1))
    (pad 1 smd rect (at -2 0.7493 270) (size 0.89916 2) (layers B.Cu B.Paste B.Mask))
    (pad 2 smd rect (at -2 -0.7493 270) (size 0.89916 2) (layers B.Cu B.Paste B.Mask))
    (pad 3 smd rect (at 2 -0.7493 270) (size 0.89916 2) (layers B.Cu B.Paste B.Mask))
    (pad 4 smd rect (at 2 0.7493 270) (size 0.89916 2) (layers B.Cu B.Paste B.Mask))
  )

  (module TEST2:4x1_ProtoBoard (layer F.Cu) (tedit 5DD41864) (tstamp 5DE3F05A)
    (at 111.633 56.642 90)
    (fp_text reference REF** (at 1.651 -8.255 180) (layer F.SilkS) hide
      (effects (font (size 1 1) (thickness 0.15)))
    )
    (fp_text value 4x1_ProtoBoard (at 0 -0.5 90) (layer F.Fab)
      (effects (font (size 1 1) (thickness 0.15)))
    )
    (pad 4 thru_hole circle (at -0.048 3.889 90) (size 1.5 1.5) (drill 0.8) (layers *.Cu *.Mask))
    (pad 3 thru_hole circle (at -0.048 1.349 90) (size 1.5 1.5) (drill 0.8) (layers *.Cu *.Mask))
    (pad 2 thru_hole circle (at -0.048 -1.191 90) (size 1.5 1.5) (drill 0.8) (layers *.Cu *.Mask))
    (pad 1 thru_hole circle (at -0.048 -3.731 90) (size 1.5 1.5) (drill 0.8) (layers *.Cu *.Mask))
  )

  (module TEST2:4x1_ProtoBoard (layer F.Cu) (tedit 5DD41864) (tstamp 5DE3F053)
    (at 105.791 66.04)
    (fp_text reference REF** (at -2.54 -13.208) (layer F.SilkS) hide
      (effects (font (size 1 1) (thickness 0.15)))
    )
    (fp_text value 4x1_ProtoBoard (at 0 -0.5) (layer F.Fab)
      (effects (font (size 1 1) (thickness 0.15)))
    )
    (pad 4 thru_hole circle (at -0.048 3.889) (size 1.5 1.5) (drill 0.8) (layers *.Cu *.Mask))
    (pad 3 thru_hole circle (at -0.048 1.349) (size 1.5 1.5) (drill 0.8) (layers *.Cu *.Mask))
    (pad 2 thru_hole circle (at -0.048 -1.191) (size 1.5 1.5) (drill 0.8) (layers *.Cu *.Mask))
    (pad 1 thru_hole circle (at -0.048 -3.731) (size 1.5 1.5) (drill 0.8) (layers *.Cu *.Mask))
  )

  (module TEST2:4x1_ProtoBoard (layer F.Cu) (tedit 5DD41864) (tstamp 5DE3F04C)
    (at 117.221 66.04)
    (fp_text reference REF** (at 2.032 -13.208) (layer F.SilkS) hide
      (effects (font (size 1 1) (thickness 0.15)))
    )
    (fp_text value 4x1_ProtoBoard (at 0 -0.5) (layer F.Fab)
      (effects (font (size 1 1) (thickness 0.15)))
    )
    (pad 1 thru_hole circle (at -0.048 -3.731) (size 1.5 1.5) (drill 0.8) (layers *.Cu *.Mask))
    (pad 2 thru_hole circle (at -0.048 -1.191) (size 1.5 1.5) (drill 0.8) (layers *.Cu *.Mask))
    (pad 3 thru_hole circle (at -0.048 1.349) (size 1.5 1.5) (drill 0.8) (layers *.Cu *.Mask))
    (pad 4 thru_hole circle (at -0.048 3.889) (size 1.5 1.5) (drill 0.8) (layers *.Cu *.Mask))
  )

  (module ShiftyBit:WS2811-Driver-Chip (layer F.Cu) (tedit 5DE2EFDB) (tstamp 5DE3EFA9)
    (at 134.62 65.913)
    (descr http://www.te.com/commerce/DocumentDelivery/DDEController?Action=srchrtrv&DocNm=MS5607-02BA03&DocType=Data+Sheet&DocLang=English)
    (attr smd)
    (fp_text reference REF** (at 8.128 -14.859) (layer F.SilkS) hide
      (effects (font (size 1 1) (thickness 0.15)))
    )
    (fp_text value WS2811-Driver-Chip (at 0 3.9) (layer F.Fab)
      (effects (font (size 1 1) (thickness 0.15)))
    )
    (fp_line (start 2 -2.5) (end 2 2.5) (layer F.Fab) (width 0.1))
    (fp_line (start -2 2.5) (end 2 2.5) (layer F.Fab) (width 0.1))
    (fp_line (start -2 -2.5) (end 2 -2.5) (layer F.Fab) (width 0.1))
    (fp_line (start -2 -2.5) (end -2 2.5) (layer F.Fab) (width 0.1))
    (fp_line (start 1.6 2.6) (end 1.35 2.6) (layer F.SilkS) (width 0.1))
    (fp_line (start 1.6 2.6) (end 1.6 2.35) (layer F.SilkS) (width 0.1))
    (fp_line (start -1.6 2.6) (end -1.6 2.35) (layer F.SilkS) (width 0.1))
    (fp_line (start -1.6 2.6) (end -1.35 2.6) (layer F.SilkS) (width 0.1))
    (fp_line (start -1.25 -2.6) (end -1 -2.6) (layer F.SilkS) (width 0.1))
    (fp_line (start -1.75 -2.25) (end -1.6 -2.25) (layer F.SilkS) (width 0.1))
    (fp_line (start 1.6 -2.6) (end 1.35 -2.6) (layer F.SilkS) (width 0.1))
    (fp_line (start 1.6 -2.6) (end 1.6 -2.35) (layer F.SilkS) (width 0.1))
    (fp_line (start -1.6 -2.25) (end -1.25 -2.6) (layer F.SilkS) (width 0.1))
    (fp_line (start 2.5 -2.75) (end -2.5 -2.75) (layer F.CrtYd) (width 0.05))
    (fp_line (start 2.5 -2.75) (end 2.5 2.75) (layer F.CrtYd) (width 0.05))
    (fp_line (start -2.5 -2.75) (end -2.5 2.75) (layer F.CrtYd) (width 0.05))
    (fp_line (start 2.5 2.75) (end -2.5 2.75) (layer F.CrtYd) (width 0.05))
    (pad 8 smd rect (at 2.5 -1.875) (size 1.4 0.6) (layers F.Cu F.Paste F.Mask))
    (pad 7 smd rect (at 2.5 -0.625) (size 1.4 0.6) (layers F.Cu F.Paste F.Mask))
    (pad 6 smd rect (at 2.5 0.625) (size 1.4 0.6) (layers F.Cu F.Paste F.Mask))
    (pad 5 smd rect (at 2.5 1.875) (size 1.4 0.6) (layers F.Cu F.Paste F.Mask))
    (pad 4 smd rect (at -2.5 1.875) (size 1.4 0.6) (layers F.Cu F.Paste F.Mask))
    (pad 3 smd rect (at -2.5 0.625) (size 1.4 0.6) (layers F.Cu F.Paste F.Mask))
    (pad 2 smd rect (at -2.5 -0.625) (size 1.4 0.6) (layers F.Cu F.Paste F.Mask))
    (pad 1 smd rect (at -2.5 -1.875) (size 1.4 0.6) (layers F.Cu F.Paste F.Mask))
  )

  (module ShiftyBit:SunLed (layer B.Cu) (tedit 5DE30CED) (tstamp 5DE3EF81)
    (at 134.62 52.324)
    (descr "DESCRIPTION: FOOTPRINT FOR LEDS IN PLCC4 STANDAR21")
    (tags "DESCRIPTION: FOOTPRINT FOR LEDS IN PLCC4 STANDAR21")
    (solder_mask_margin 0.1016)
    (clearance 0.1016)
    (attr smd)
    (fp_text reference REF** (at -8.382 4.572 180) (layer B.SilkS) hide
      (effects (font (size 1.016 1.016) (thickness 0.1524)))
    )
    (fp_text value VAL** (at -8.001 -1.397) (layer B.Fab) hide
      (effects (font (size 1.016 1.016) (thickness 0.1524)))
    )
    (fp_poly (pts (xy -0.3048 0.1778) (xy 0.3048 0.1778) (xy 0.3048 -0.2286) (xy -0.3048 -0.2286)) (layer B.Mask) (width 0.1))
    (fp_line (start 2.01676 1.89484) (end 2.00914 1.8288) (layer B.SilkS) (width 0.127))
    (fp_line (start 2.04216 1.9558) (end 2.01676 1.89484) (layer B.SilkS) (width 0.127))
    (fp_line (start 2.0828 2.00914) (end 2.04216 1.9558) (layer B.SilkS) (width 0.127))
    (fp_line (start 2.13614 2.04978) (end 2.0828 2.00914) (layer B.SilkS) (width 0.127))
    (fp_line (start 2.1971 2.07518) (end 2.13614 2.04978) (layer B.SilkS) (width 0.127))
    (fp_line (start 2.26314 2.0828) (end 2.1971 2.07518) (layer B.SilkS) (width 0.127))
    (fp_line (start 2.32664 2.07518) (end 2.26314 2.0828) (layer B.SilkS) (width 0.127))
    (fp_line (start 2.38506 2.04978) (end 2.32664 2.07518) (layer B.SilkS) (width 0.127))
    (fp_line (start 2.43586 2.01168) (end 2.38506 2.04978) (layer B.SilkS) (width 0.127))
    (fp_line (start 2.4765 1.96088) (end 2.43586 2.01168) (layer B.SilkS) (width 0.127))
    (fp_line (start 2.49936 1.90246) (end 2.4765 1.96088) (layer B.SilkS) (width 0.127))
    (fp_line (start 2.50952 1.83896) (end 2.49936 1.90246) (layer B.SilkS) (width 0.127))
    (fp_line (start 2.49936 1.77292) (end 2.50952 1.83896) (layer B.SilkS) (width 0.127))
    (fp_line (start 2.47396 1.71196) (end 2.49936 1.77292) (layer B.SilkS) (width 0.127))
    (fp_line (start 2.43332 1.65862) (end 2.47396 1.71196) (layer B.SilkS) (width 0.127))
    (fp_line (start 2.38252 1.61798) (end 2.43332 1.65862) (layer B.SilkS) (width 0.127))
    (fp_line (start 2.31902 1.59258) (end 2.38252 1.61798) (layer B.SilkS) (width 0.127))
    (fp_line (start 2.25552 1.58496) (end 2.31902 1.59258) (layer B.SilkS) (width 0.127))
    (fp_line (start 2.18948 1.59258) (end 2.25552 1.58496) (layer B.SilkS) (width 0.127))
    (fp_line (start 2.13106 1.61544) (end 2.18948 1.59258) (layer B.SilkS) (width 0.127))
    (fp_line (start 2.08026 1.65608) (end 2.13106 1.61544) (layer B.SilkS) (width 0.127))
    (fp_line (start 2.04216 1.70688) (end 2.08026 1.65608) (layer B.SilkS) (width 0.127))
    (fp_line (start 2.01676 1.7653) (end 2.04216 1.70688) (layer B.SilkS) (width 0.127))
    (fp_line (start 2.00914 1.8288) (end 2.01676 1.7653) (layer B.SilkS) (width 0.127))
    (fp_line (start -1.59766 1.39954) (end -1.59766 1.34874) (layer B.SilkS) (width 0.127))
    (fp_line (start -1.59766 -1.39954) (end -1.59766 -1.34874) (layer B.SilkS) (width 0.127))
    (fp_line (start 1.59766 1.39954) (end 1.59766 1.34874) (layer B.SilkS) (width 0.127))
    (fp_line (start 1.59766 -1.39954) (end 1.59766 -1.34874) (layer B.SilkS) (width 0.127))
    (fp_line (start 1.59766 -0.14986) (end 1.59766 0.14986) (layer B.SilkS) (width 0.127))
    (fp_line (start -1.59766 -0.14986) (end -1.59766 0.09906) (layer B.SilkS) (width 0.127))
    (fp_line (start 1.59766 -1.39954) (end -1.59766 -1.39954) (layer B.SilkS) (width 0.127))
    (fp_line (start -1.59766 1.39954) (end 1.59766 1.39954) (layer B.SilkS) (width 0.127))
    (pad 4 smd rect (at 2 0.7493 270) (size 0.89916 2) (layers B.Cu B.Paste B.Mask))
    (pad 3 smd rect (at 2 -0.7493 270) (size 0.89916 2) (layers B.Cu B.Paste B.Mask))
    (pad 2 smd rect (at -2 -0.7493 270) (size 0.89916 2) (layers B.Cu B.Paste B.Mask))
    (pad 1 smd rect (at -2 0.7493 270) (size 0.89916 2) (layers B.Cu B.Paste B.Mask))
  )

  (module TEST2:4x1_ProtoBoard (layer F.Cu) (tedit 5DD41864) (tstamp 5DE3EF7A)
    (at 134.62 56.769 90)
    (fp_text reference REF** (at 1.651 -8.255 180) (layer F.SilkS) hide
      (effects (font (size 1 1) (thickness 0.15)))
    )
    (fp_text value 4x1_ProtoBoard (at 0 -0.5 90) (layer F.Fab)
      (effects (font (size 1 1) (thickness 0.15)))
    )
    (pad 1 thru_hole circle (at -0.048 -3.731 90) (size 1.5 1.5) (drill 0.8) (layers *.Cu *.Mask))
    (pad 2 thru_hole circle (at -0.048 -1.191 90) (size 1.5 1.5) (drill 0.8) (layers *.Cu *.Mask))
    (pad 3 thru_hole circle (at -0.048 1.349 90) (size 1.5 1.5) (drill 0.8) (layers *.Cu *.Mask))
    (pad 4 thru_hole circle (at -0.048 3.889 90) (size 1.5 1.5) (drill 0.8) (layers *.Cu *.Mask))
  )

  (module TEST2:4x1_ProtoBoard (layer F.Cu) (tedit 5DD41864) (tstamp 5DE3EF73)
    (at 128.778 66.167)
    (fp_text reference REF** (at -2.54 -13.208) (layer F.SilkS) hide
      (effects (font (size 1 1) (thickness 0.15)))
    )
    (fp_text value 4x1_ProtoBoard (at 0 -0.5) (layer F.Fab)
      (effects (font (size 1 1) (thickness 0.15)))
    )
    (pad 1 thru_hole circle (at -0.048 -3.731) (size 1.5 1.5) (drill 0.8) (layers *.Cu *.Mask))
    (pad 2 thru_hole circle (at -0.048 -1.191) (size 1.5 1.5) (drill 0.8) (layers *.Cu *.Mask))
    (pad 3 thru_hole circle (at -0.048 1.349) (size 1.5 1.5) (drill 0.8) (layers *.Cu *.Mask))
    (pad 4 thru_hole circle (at -0.048 3.889) (size 1.5 1.5) (drill 0.8) (layers *.Cu *.Mask))
  )

  (module TEST2:4x1_ProtoBoard (layer F.Cu) (tedit 5DD41864) (tstamp 5DE3EF6C)
    (at 140.208 66.167)
    (fp_text reference REF** (at 2.032 -13.208) (layer F.SilkS) hide
      (effects (font (size 1 1) (thickness 0.15)))
    )
    (fp_text value 4x1_ProtoBoard (at 0 -0.5) (layer F.Fab)
      (effects (font (size 1 1) (thickness 0.15)))
    )
    (pad 4 thru_hole circle (at -0.048 3.889) (size 1.5 1.5) (drill 0.8) (layers *.Cu *.Mask))
    (pad 3 thru_hole circle (at -0.048 1.349) (size 1.5 1.5) (drill 0.8) (layers *.Cu *.Mask))
    (pad 2 thru_hole circle (at -0.048 -1.191) (size 1.5 1.5) (drill 0.8) (layers *.Cu *.Mask))
    (pad 1 thru_hole circle (at -0.048 -3.731) (size 1.5 1.5) (drill 0.8) (layers *.Cu *.Mask))
  )

  (module TEST2:4x1_ProtoBoard (layer F.Cu) (tedit 5DD41864) (tstamp 5DE3EEDE)
    (at 157.48 56.896 90)
    (fp_text reference REF** (at 1.651 -8.255 180) (layer F.SilkS) hide
      (effects (font (size 1 1) (thickness 0.15)))
    )
    (fp_text value 4x1_ProtoBoard (at 0 -0.5 90) (layer F.Fab)
      (effects (font (size 1 1) (thickness 0.15)))
    )
    (pad 4 thru_hole circle (at -0.048 3.889 90) (size 1.5 1.5) (drill 0.8) (layers *.Cu *.Mask))
    (pad 3 thru_hole circle (at -0.048 1.349 90) (size 1.5 1.5) (drill 0.8) (layers *.Cu *.Mask))
    (pad 2 thru_hole circle (at -0.048 -1.191 90) (size 1.5 1.5) (drill 0.8) (layers *.Cu *.Mask))
    (pad 1 thru_hole circle (at -0.048 -3.731 90) (size 1.5 1.5) (drill 0.8) (layers *.Cu *.Mask))
  )

  (module TEST2:4x1_ProtoBoard (layer F.Cu) (tedit 5DD41864) (tstamp 5DE3EED7)
    (at 151.638 66.294)
    (fp_text reference REF** (at -2.54 -13.208) (layer F.SilkS) hide
      (effects (font (size 1 1) (thickness 0.15)))
    )
    (fp_text value 4x1_ProtoBoard (at 0 -0.5) (layer F.Fab)
      (effects (font (size 1 1) (thickness 0.15)))
    )
    (pad 4 thru_hole circle (at -0.048 3.889) (size 1.5 1.5) (drill 0.8) (layers *.Cu *.Mask))
    (pad 3 thru_hole circle (at -0.048 1.349) (size 1.5 1.5) (drill 0.8) (layers *.Cu *.Mask))
    (pad 2 thru_hole circle (at -0.048 -1.191) (size 1.5 1.5) (drill 0.8) (layers *.Cu *.Mask))
    (pad 1 thru_hole circle (at -0.048 -3.731) (size 1.5 1.5) (drill 0.8) (layers *.Cu *.Mask))
  )

  (module TEST2:4x1_ProtoBoard (layer F.Cu) (tedit 5DD41864) (tstamp 5DE3EED0)
    (at 163.068 66.294)
    (fp_text reference REF** (at 2.032 -13.208) (layer F.SilkS) hide
      (effects (font (size 1 1) (thickness 0.15)))
    )
    (fp_text value 4x1_ProtoBoard (at 0 -0.5) (layer F.Fab)
      (effects (font (size 1 1) (thickness 0.15)))
    )
    (pad 1 thru_hole circle (at -0.048 -3.731) (size 1.5 1.5) (drill 0.8) (layers *.Cu *.Mask))
    (pad 2 thru_hole circle (at -0.048 -1.191) (size 1.5 1.5) (drill 0.8) (layers *.Cu *.Mask))
    (pad 3 thru_hole circle (at -0.048 1.349) (size 1.5 1.5) (drill 0.8) (layers *.Cu *.Mask))
    (pad 4 thru_hole circle (at -0.048 3.889) (size 1.5 1.5) (drill 0.8) (layers *.Cu *.Mask))
  )

  (module ShiftyBit:WS2811-Driver-Chip (layer F.Cu) (tedit 5DE2EFDB) (tstamp 5DE3EEB4)
    (at 157.48 66.04)
    (descr http://www.te.com/commerce/DocumentDelivery/DDEController?Action=srchrtrv&DocNm=MS5607-02BA03&DocType=Data+Sheet&DocLang=English)
    (attr smd)
    (fp_text reference REF** (at 8.128 -14.859) (layer F.SilkS) hide
      (effects (font (size 1 1) (thickness 0.15)))
    )
    (fp_text value WS2811-Driver-Chip (at 0 3.9) (layer F.Fab)
      (effects (font (size 1 1) (thickness 0.15)))
    )
    (fp_line (start 2.5 2.75) (end -2.5 2.75) (layer F.CrtYd) (width 0.05))
    (fp_line (start -2.5 -2.75) (end -2.5 2.75) (layer F.CrtYd) (width 0.05))
    (fp_line (start 2.5 -2.75) (end 2.5 2.75) (layer F.CrtYd) (width 0.05))
    (fp_line (start 2.5 -2.75) (end -2.5 -2.75) (layer F.CrtYd) (width 0.05))
    (fp_line (start -1.6 -2.25) (end -1.25 -2.6) (layer F.SilkS) (width 0.1))
    (fp_line (start 1.6 -2.6) (end 1.6 -2.35) (layer F.SilkS) (width 0.1))
    (fp_line (start 1.6 -2.6) (end 1.35 -2.6) (layer F.SilkS) (width 0.1))
    (fp_line (start -1.75 -2.25) (end -1.6 -2.25) (layer F.SilkS) (width 0.1))
    (fp_line (start -1.25 -2.6) (end -1 -2.6) (layer F.SilkS) (width 0.1))
    (fp_line (start -1.6 2.6) (end -1.35 2.6) (layer F.SilkS) (width 0.1))
    (fp_line (start -1.6 2.6) (end -1.6 2.35) (layer F.SilkS) (width 0.1))
    (fp_line (start 1.6 2.6) (end 1.6 2.35) (layer F.SilkS) (width 0.1))
    (fp_line (start 1.6 2.6) (end 1.35 2.6) (layer F.SilkS) (width 0.1))
    (fp_line (start -2 -2.5) (end -2 2.5) (layer F.Fab) (width 0.1))
    (fp_line (start -2 -2.5) (end 2 -2.5) (layer F.Fab) (width 0.1))
    (fp_line (start -2 2.5) (end 2 2.5) (layer F.Fab) (width 0.1))
    (fp_line (start 2 -2.5) (end 2 2.5) (layer F.Fab) (width 0.1))
    (pad 1 smd rect (at -2.5 -1.875) (size 1.4 0.6) (layers F.Cu F.Paste F.Mask))
    (pad 2 smd rect (at -2.5 -0.625) (size 1.4 0.6) (layers F.Cu F.Paste F.Mask))
    (pad 3 smd rect (at -2.5 0.625) (size 1.4 0.6) (layers F.Cu F.Paste F.Mask))
    (pad 4 smd rect (at -2.5 1.875) (size 1.4 0.6) (layers F.Cu F.Paste F.Mask))
    (pad 5 smd rect (at 2.5 1.875) (size 1.4 0.6) (layers F.Cu F.Paste F.Mask))
    (pad 6 smd rect (at 2.5 0.625) (size 1.4 0.6) (layers F.Cu F.Paste F.Mask))
    (pad 7 smd rect (at 2.5 -0.625) (size 1.4 0.6) (layers F.Cu F.Paste F.Mask))
    (pad 8 smd rect (at 2.5 -1.875) (size 1.4 0.6) (layers F.Cu F.Paste F.Mask))
  )

  (module ShiftyBit:SunLed (layer B.Cu) (tedit 5DE30CED) (tstamp 5DE3EE8C)
    (at 157.48 52.451)
    (descr "DESCRIPTION: FOOTPRINT FOR LEDS IN PLCC4 STANDAR21")
    (tags "DESCRIPTION: FOOTPRINT FOR LEDS IN PLCC4 STANDAR21")
    (solder_mask_margin 0.1016)
    (clearance 0.1016)
    (attr smd)
    (fp_text reference REF** (at -8.382 4.572 180) (layer B.SilkS) hide
      (effects (font (size 1.016 1.016) (thickness 0.1524)))
    )
    (fp_text value VAL** (at -8.001 -1.397) (layer B.Fab) hide
      (effects (font (size 1.016 1.016) (thickness 0.1524)))
    )
    (fp_line (start -1.59766 1.39954) (end 1.59766 1.39954) (layer B.SilkS) (width 0.127))
    (fp_line (start 1.59766 -1.39954) (end -1.59766 -1.39954) (layer B.SilkS) (width 0.127))
    (fp_line (start -1.59766 -0.14986) (end -1.59766 0.09906) (layer B.SilkS) (width 0.127))
    (fp_line (start 1.59766 -0.14986) (end 1.59766 0.14986) (layer B.SilkS) (width 0.127))
    (fp_line (start 1.59766 -1.39954) (end 1.59766 -1.34874) (layer B.SilkS) (width 0.127))
    (fp_line (start 1.59766 1.39954) (end 1.59766 1.34874) (layer B.SilkS) (width 0.127))
    (fp_line (start -1.59766 -1.39954) (end -1.59766 -1.34874) (layer B.SilkS) (width 0.127))
    (fp_line (start -1.59766 1.39954) (end -1.59766 1.34874) (layer B.SilkS) (width 0.127))
    (fp_line (start 2.00914 1.8288) (end 2.01676 1.7653) (layer B.SilkS) (width 0.127))
    (fp_line (start 2.01676 1.7653) (end 2.04216 1.70688) (layer B.SilkS) (width 0.127))
    (fp_line (start 2.04216 1.70688) (end 2.08026 1.65608) (layer B.SilkS) (width 0.127))
    (fp_line (start 2.08026 1.65608) (end 2.13106 1.61544) (layer B.SilkS) (width 0.127))
    (fp_line (start 2.13106 1.61544) (end 2.18948 1.59258) (layer B.SilkS) (width 0.127))
    (fp_line (start 2.18948 1.59258) (end 2.25552 1.58496) (layer B.SilkS) (width 0.127))
    (fp_line (start 2.25552 1.58496) (end 2.31902 1.59258) (layer B.SilkS) (width 0.127))
    (fp_line (start 2.31902 1.59258) (end 2.38252 1.61798) (layer B.SilkS) (width 0.127))
    (fp_line (start 2.38252 1.61798) (end 2.43332 1.65862) (layer B.SilkS) (width 0.127))
    (fp_line (start 2.43332 1.65862) (end 2.47396 1.71196) (layer B.SilkS) (width 0.127))
    (fp_line (start 2.47396 1.71196) (end 2.49936 1.77292) (layer B.SilkS) (width 0.127))
    (fp_line (start 2.49936 1.77292) (end 2.50952 1.83896) (layer B.SilkS) (width 0.127))
    (fp_line (start 2.50952 1.83896) (end 2.49936 1.90246) (layer B.SilkS) (width 0.127))
    (fp_line (start 2.49936 1.90246) (end 2.4765 1.96088) (layer B.SilkS) (width 0.127))
    (fp_line (start 2.4765 1.96088) (end 2.43586 2.01168) (layer B.SilkS) (width 0.127))
    (fp_line (start 2.43586 2.01168) (end 2.38506 2.04978) (layer B.SilkS) (width 0.127))
    (fp_line (start 2.38506 2.04978) (end 2.32664 2.07518) (layer B.SilkS) (width 0.127))
    (fp_line (start 2.32664 2.07518) (end 2.26314 2.0828) (layer B.SilkS) (width 0.127))
    (fp_line (start 2.26314 2.0828) (end 2.1971 2.07518) (layer B.SilkS) (width 0.127))
    (fp_line (start 2.1971 2.07518) (end 2.13614 2.04978) (layer B.SilkS) (width 0.127))
    (fp_line (start 2.13614 2.04978) (end 2.0828 2.00914) (layer B.SilkS) (width 0.127))
    (fp_line (start 2.0828 2.00914) (end 2.04216 1.9558) (layer B.SilkS) (width 0.127))
    (fp_line (start 2.04216 1.9558) (end 2.01676 1.89484) (layer B.SilkS) (width 0.127))
    (fp_line (start 2.01676 1.89484) (end 2.00914 1.8288) (layer B.SilkS) (width 0.127))
    (fp_poly (pts (xy -0.3048 0.1778) (xy 0.3048 0.1778) (xy 0.3048 -0.2286) (xy -0.3048 -0.2286)) (layer B.Mask) (width 0.1))
    (pad 1 smd rect (at -2 0.7493 270) (size 0.89916 2) (layers B.Cu B.Paste B.Mask))
    (pad 2 smd rect (at -2 -0.7493 270) (size 0.89916 2) (layers B.Cu B.Paste B.Mask))
    (pad 3 smd rect (at 2 -0.7493 270) (size 0.89916 2) (layers B.Cu B.Paste B.Mask))
    (pad 4 smd rect (at 2 0.7493 270) (size 0.89916 2) (layers B.Cu B.Paste B.Mask))
  )

  (module TEST2:4x1_ProtoBoard (layer F.Cu) (tedit 5DD41864) (tstamp 5DE3EE0A)
    (at 185.928 66.421)
    (fp_text reference REF** (at 2.032 -13.208) (layer F.SilkS) hide
      (effects (font (size 1 1) (thickness 0.15)))
    )
    (fp_text value 4x1_ProtoBoard (at 0 -0.5) (layer F.Fab)
      (effects (font (size 1 1) (thickness 0.15)))
    )
    (pad 4 thru_hole circle (at -0.048 3.889) (size 1.5 1.5) (drill 0.8) (layers *.Cu *.Mask))
    (pad 3 thru_hole circle (at -0.048 1.349) (size 1.5 1.5) (drill 0.8) (layers *.Cu *.Mask))
    (pad 2 thru_hole circle (at -0.048 -1.191) (size 1.5 1.5) (drill 0.8) (layers *.Cu *.Mask))
    (pad 1 thru_hole circle (at -0.048 -3.731) (size 1.5 1.5) (drill 0.8) (layers *.Cu *.Mask))
  )

  (module ShiftyBit:SunLed (layer B.Cu) (tedit 5DE30CED) (tstamp 5DE3EDE2)
    (at 180.34 52.578)
    (descr "DESCRIPTION: FOOTPRINT FOR LEDS IN PLCC4 STANDAR21")
    (tags "DESCRIPTION: FOOTPRINT FOR LEDS IN PLCC4 STANDAR21")
    (solder_mask_margin 0.1016)
    (clearance 0.1016)
    (attr smd)
    (fp_text reference REF** (at -8.382 4.572 180) (layer B.SilkS) hide
      (effects (font (size 1.016 1.016) (thickness 0.1524)))
    )
    (fp_text value VAL** (at -8.001 -1.397) (layer B.Fab) hide
      (effects (font (size 1.016 1.016) (thickness 0.1524)))
    )
    (fp_poly (pts (xy -0.3048 0.1778) (xy 0.3048 0.1778) (xy 0.3048 -0.2286) (xy -0.3048 -0.2286)) (layer B.Mask) (width 0.1))
    (fp_line (start 2.01676 1.89484) (end 2.00914 1.8288) (layer B.SilkS) (width 0.127))
    (fp_line (start 2.04216 1.9558) (end 2.01676 1.89484) (layer B.SilkS) (width 0.127))
    (fp_line (start 2.0828 2.00914) (end 2.04216 1.9558) (layer B.SilkS) (width 0.127))
    (fp_line (start 2.13614 2.04978) (end 2.0828 2.00914) (layer B.SilkS) (width 0.127))
    (fp_line (start 2.1971 2.07518) (end 2.13614 2.04978) (layer B.SilkS) (width 0.127))
    (fp_line (start 2.26314 2.0828) (end 2.1971 2.07518) (layer B.SilkS) (width 0.127))
    (fp_line (start 2.32664 2.07518) (end 2.26314 2.0828) (layer B.SilkS) (width 0.127))
    (fp_line (start 2.38506 2.04978) (end 2.32664 2.07518) (layer B.SilkS) (width 0.127))
    (fp_line (start 2.43586 2.01168) (end 2.38506 2.04978) (layer B.SilkS) (width 0.127))
    (fp_line (start 2.4765 1.96088) (end 2.43586 2.01168) (layer B.SilkS) (width 0.127))
    (fp_line (start 2.49936 1.90246) (end 2.4765 1.96088) (layer B.SilkS) (width 0.127))
    (fp_line (start 2.50952 1.83896) (end 2.49936 1.90246) (layer B.SilkS) (width 0.127))
    (fp_line (start 2.49936 1.77292) (end 2.50952 1.83896) (layer B.SilkS) (width 0.127))
    (fp_line (start 2.47396 1.71196) (end 2.49936 1.77292) (layer B.SilkS) (width 0.127))
    (fp_line (start 2.43332 1.65862) (end 2.47396 1.71196) (layer B.SilkS) (width 0.127))
    (fp_line (start 2.38252 1.61798) (end 2.43332 1.65862) (layer B.SilkS) (width 0.127))
    (fp_line (start 2.31902 1.59258) (end 2.38252 1.61798) (layer B.SilkS) (width 0.127))
    (fp_line (start 2.25552 1.58496) (end 2.31902 1.59258) (layer B.SilkS) (width 0.127))
    (fp_line (start 2.18948 1.59258) (end 2.25552 1.58496) (layer B.SilkS) (width 0.127))
    (fp_line (start 2.13106 1.61544) (end 2.18948 1.59258) (layer B.SilkS) (width 0.127))
    (fp_line (start 2.08026 1.65608) (end 2.13106 1.61544) (layer B.SilkS) (width 0.127))
    (fp_line (start 2.04216 1.70688) (end 2.08026 1.65608) (layer B.SilkS) (width 0.127))
    (fp_line (start 2.01676 1.7653) (end 2.04216 1.70688) (layer B.SilkS) (width 0.127))
    (fp_line (start 2.00914 1.8288) (end 2.01676 1.7653) (layer B.SilkS) (width 0.127))
    (fp_line (start -1.59766 1.39954) (end -1.59766 1.34874) (layer B.SilkS) (width 0.127))
    (fp_line (start -1.59766 -1.39954) (end -1.59766 -1.34874) (layer B.SilkS) (width 0.127))
    (fp_line (start 1.59766 1.39954) (end 1.59766 1.34874) (layer B.SilkS) (width 0.127))
    (fp_line (start 1.59766 -1.39954) (end 1.59766 -1.34874) (layer B.SilkS) (width 0.127))
    (fp_line (start 1.59766 -0.14986) (end 1.59766 0.14986) (layer B.SilkS) (width 0.127))
    (fp_line (start -1.59766 -0.14986) (end -1.59766 0.09906) (layer B.SilkS) (width 0.127))
    (fp_line (start 1.59766 -1.39954) (end -1.59766 -1.39954) (layer B.SilkS) (width 0.127))
    (fp_line (start -1.59766 1.39954) (end 1.59766 1.39954) (layer B.SilkS) (width 0.127))
    (pad 4 smd rect (at 2 0.7493 270) (size 0.89916 2) (layers B.Cu B.Paste B.Mask))
    (pad 3 smd rect (at 2 -0.7493 270) (size 0.89916 2) (layers B.Cu B.Paste B.Mask))
    (pad 2 smd rect (at -2 -0.7493 270) (size 0.89916 2) (layers B.Cu B.Paste B.Mask))
    (pad 1 smd rect (at -2 0.7493 270) (size 0.89916 2) (layers B.Cu B.Paste B.Mask))
  )

  (module TEST2:4x1_ProtoBoard (layer F.Cu) (tedit 5DD41864) (tstamp 5DE3EDDB)
    (at 174.498 66.421)
    (fp_text reference REF** (at -2.54 -13.208) (layer F.SilkS) hide
      (effects (font (size 1 1) (thickness 0.15)))
    )
    (fp_text value 4x1_ProtoBoard (at 0 -0.5) (layer F.Fab)
      (effects (font (size 1 1) (thickness 0.15)))
    )
    (pad 1 thru_hole circle (at -0.048 -3.731) (size 1.5 1.5) (drill 0.8) (layers *.Cu *.Mask))
    (pad 2 thru_hole circle (at -0.048 -1.191) (size 1.5 1.5) (drill 0.8) (layers *.Cu *.Mask))
    (pad 3 thru_hole circle (at -0.048 1.349) (size 1.5 1.5) (drill 0.8) (layers *.Cu *.Mask))
    (pad 4 thru_hole circle (at -0.048 3.889) (size 1.5 1.5) (drill 0.8) (layers *.Cu *.Mask))
  )

  (module TEST2:4x1_ProtoBoard (layer F.Cu) (tedit 5DD41864) (tstamp 5DE3EDD4)
    (at 180.34 57.023 90)
    (fp_text reference REF** (at 1.651 -8.255 180) (layer F.SilkS) hide
      (effects (font (size 1 1) (thickness 0.15)))
    )
    (fp_text value 4x1_ProtoBoard (at 0 -0.5 90) (layer F.Fab)
      (effects (font (size 1 1) (thickness 0.15)))
    )
    (pad 1 thru_hole circle (at -0.048 -3.731 90) (size 1.5 1.5) (drill 0.8) (layers *.Cu *.Mask))
    (pad 2 thru_hole circle (at -0.048 -1.191 90) (size 1.5 1.5) (drill 0.8) (layers *.Cu *.Mask))
    (pad 3 thru_hole circle (at -0.048 1.349 90) (size 1.5 1.5) (drill 0.8) (layers *.Cu *.Mask))
    (pad 4 thru_hole circle (at -0.048 3.889 90) (size 1.5 1.5) (drill 0.8) (layers *.Cu *.Mask))
  )

  (module ShiftyBit:WS2811-Driver-Chip (layer F.Cu) (tedit 5DE2EFDB) (tstamp 5DE3EDB8)
    (at 180.34 66.167)
    (descr http://www.te.com/commerce/DocumentDelivery/DDEController?Action=srchrtrv&DocNm=MS5607-02BA03&DocType=Data+Sheet&DocLang=English)
    (attr smd)
    (fp_text reference REF** (at 8.128 -14.859) (layer F.SilkS) hide
      (effects (font (size 1 1) (thickness 0.15)))
    )
    (fp_text value WS2811-Driver-Chip (at 0 3.9) (layer F.Fab)
      (effects (font (size 1 1) (thickness 0.15)))
    )
    (fp_line (start 2 -2.5) (end 2 2.5) (layer F.Fab) (width 0.1))
    (fp_line (start -2 2.5) (end 2 2.5) (layer F.Fab) (width 0.1))
    (fp_line (start -2 -2.5) (end 2 -2.5) (layer F.Fab) (width 0.1))
    (fp_line (start -2 -2.5) (end -2 2.5) (layer F.Fab) (width 0.1))
    (fp_line (start 1.6 2.6) (end 1.35 2.6) (layer F.SilkS) (width 0.1))
    (fp_line (start 1.6 2.6) (end 1.6 2.35) (layer F.SilkS) (width 0.1))
    (fp_line (start -1.6 2.6) (end -1.6 2.35) (layer F.SilkS) (width 0.1))
    (fp_line (start -1.6 2.6) (end -1.35 2.6) (layer F.SilkS) (width 0.1))
    (fp_line (start -1.25 -2.6) (end -1 -2.6) (layer F.SilkS) (width 0.1))
    (fp_line (start -1.75 -2.25) (end -1.6 -2.25) (layer F.SilkS) (width 0.1))
    (fp_line (start 1.6 -2.6) (end 1.35 -2.6) (layer F.SilkS) (width 0.1))
    (fp_line (start 1.6 -2.6) (end 1.6 -2.35) (layer F.SilkS) (width 0.1))
    (fp_line (start -1.6 -2.25) (end -1.25 -2.6) (layer F.SilkS) (width 0.1))
    (fp_line (start 2.5 -2.75) (end -2.5 -2.75) (layer F.CrtYd) (width 0.05))
    (fp_line (start 2.5 -2.75) (end 2.5 2.75) (layer F.CrtYd) (width 0.05))
    (fp_line (start -2.5 -2.75) (end -2.5 2.75) (layer F.CrtYd) (width 0.05))
    (fp_line (start 2.5 2.75) (end -2.5 2.75) (layer F.CrtYd) (width 0.05))
    (pad 8 smd rect (at 2.5 -1.875) (size 1.4 0.6) (layers F.Cu F.Paste F.Mask))
    (pad 7 smd rect (at 2.5 -0.625) (size 1.4 0.6) (layers F.Cu F.Paste F.Mask))
    (pad 6 smd rect (at 2.5 0.625) (size 1.4 0.6) (layers F.Cu F.Paste F.Mask))
    (pad 5 smd rect (at 2.5 1.875) (size 1.4 0.6) (layers F.Cu F.Paste F.Mask))
    (pad 4 smd rect (at -2.5 1.875) (size 1.4 0.6) (layers F.Cu F.Paste F.Mask))
    (pad 3 smd rect (at -2.5 0.625) (size 1.4 0.6) (layers F.Cu F.Paste F.Mask))
    (pad 2 smd rect (at -2.5 -0.625) (size 1.4 0.6) (layers F.Cu F.Paste F.Mask))
    (pad 1 smd rect (at -2.5 -1.875) (size 1.4 0.6) (layers F.Cu F.Paste F.Mask))
  )

  (module TEST2:4x1_ProtoBoard (layer F.Cu) (tedit 5DD41864) (tstamp 5DE3ED2A)
    (at 186.055 42.418)
    (fp_text reference REF** (at 2.032 -13.208) (layer F.SilkS) hide
      (effects (font (size 1 1) (thickness 0.15)))
    )
    (fp_text value 4x1_ProtoBoard (at 0 -0.5) (layer F.Fab)
      (effects (font (size 1 1) (thickness 0.15)))
    )
    (pad 1 thru_hole circle (at -0.048 -3.731) (size 1.5 1.5) (drill 0.8) (layers *.Cu *.Mask))
    (pad 2 thru_hole circle (at -0.048 -1.191) (size 1.5 1.5) (drill 0.8) (layers *.Cu *.Mask))
    (pad 3 thru_hole circle (at -0.048 1.349) (size 1.5 1.5) (drill 0.8) (layers *.Cu *.Mask))
    (pad 4 thru_hole circle (at -0.048 3.889) (size 1.5 1.5) (drill 0.8) (layers *.Cu *.Mask))
  )

  (module ShiftyBit:SunLed (layer B.Cu) (tedit 5DE30CED) (tstamp 5DE3ED02)
    (at 180.467 28.575)
    (descr "DESCRIPTION: FOOTPRINT FOR LEDS IN PLCC4 STANDAR21")
    (tags "DESCRIPTION: FOOTPRINT FOR LEDS IN PLCC4 STANDAR21")
    (solder_mask_margin 0.1016)
    (clearance 0.1016)
    (attr smd)
    (fp_text reference REF** (at -8.382 4.572 180) (layer B.SilkS) hide
      (effects (font (size 1.016 1.016) (thickness 0.1524)))
    )
    (fp_text value VAL** (at -8.001 -1.397) (layer B.Fab) hide
      (effects (font (size 1.016 1.016) (thickness 0.1524)))
    )
    (fp_line (start -1.59766 1.39954) (end 1.59766 1.39954) (layer B.SilkS) (width 0.127))
    (fp_line (start 1.59766 -1.39954) (end -1.59766 -1.39954) (layer B.SilkS) (width 0.127))
    (fp_line (start -1.59766 -0.14986) (end -1.59766 0.09906) (layer B.SilkS) (width 0.127))
    (fp_line (start 1.59766 -0.14986) (end 1.59766 0.14986) (layer B.SilkS) (width 0.127))
    (fp_line (start 1.59766 -1.39954) (end 1.59766 -1.34874) (layer B.SilkS) (width 0.127))
    (fp_line (start 1.59766 1.39954) (end 1.59766 1.34874) (layer B.SilkS) (width 0.127))
    (fp_line (start -1.59766 -1.39954) (end -1.59766 -1.34874) (layer B.SilkS) (width 0.127))
    (fp_line (start -1.59766 1.39954) (end -1.59766 1.34874) (layer B.SilkS) (width 0.127))
    (fp_line (start 2.00914 1.8288) (end 2.01676 1.7653) (layer B.SilkS) (width 0.127))
    (fp_line (start 2.01676 1.7653) (end 2.04216 1.70688) (layer B.SilkS) (width 0.127))
    (fp_line (start 2.04216 1.70688) (end 2.08026 1.65608) (layer B.SilkS) (width 0.127))
    (fp_line (start 2.08026 1.65608) (end 2.13106 1.61544) (layer B.SilkS) (width 0.127))
    (fp_line (start 2.13106 1.61544) (end 2.18948 1.59258) (layer B.SilkS) (width 0.127))
    (fp_line (start 2.18948 1.59258) (end 2.25552 1.58496) (layer B.SilkS) (width 0.127))
    (fp_line (start 2.25552 1.58496) (end 2.31902 1.59258) (layer B.SilkS) (width 0.127))
    (fp_line (start 2.31902 1.59258) (end 2.38252 1.61798) (layer B.SilkS) (width 0.127))
