(kicad_pcb (version 20171130) (host pcbnew "(5.1.4)-1")

  (general
    (thickness 1.6)
    (drawings 0)
    (tracks 0)
    (zones 0)
    (modules 5)
    (nets 12)
  )

  (page A4)
  (layers
    (0 F.Cu signal)
    (31 B.Cu signal)
    (32 B.Adhes user)
    (33 F.Adhes user)
    (34 B.Paste user)
    (35 F.Paste user)
    (36 B.SilkS user)
    (37 F.SilkS user)
    (38 B.Mask user)
    (39 F.Mask user)
    (40 Dwgs.User user)
    (41 Cmts.User user)
    (42 Eco1.User user)
    (43 Eco2.User user)
    (44 Edge.Cuts user)
    (45 Margin user)
    (46 B.CrtYd user)
    (47 F.CrtYd user)
    (48 B.Fab user)
    (49 F.Fab user)
  )

  (setup
    (last_trace_width 0.25)
    (trace_clearance 0.2)
    (zone_clearance 0.508)
    (zone_45_only no)
    (trace_min 0.2)
    (via_size 0.8)
    (via_drill 0.4)
    (via_min_size 0.4)
    (via_min_drill 0.3)
    (uvia_size 0.3)
    (uvia_drill 0.1)
    (uvias_allowed no)
    (uvia_min_size 0.2)
    (uvia_min_drill 0.1)
    (edge_width 0.05)
    (segment_width 0.2)
    (pcb_text_width 0.3)
    (pcb_text_size 1.5 1.5)
    (mod_edge_width 0.12)
    (mod_text_size 1 1)
    (mod_text_width 0.15)
    (pad_size 1.524 1.524)
    (pad_drill 0.762)
    (pad_to_mask_clearance 0.051)
    (solder_mask_min_width 0.25)
    (aux_axis_origin 0 0)
    (visible_elements FFFFFF7F)
    (pcbplotparams
      (layerselection 0x010fc_ffffffff)
      (usegerberextensions false)
      (usegerberattributes false)
      (usegerberadvancedattributes false)
      (creategerberjobfile false)
      (excludeedgelayer true)
      (linewidth 0.100000)
      (plotframeref false)
      (viasonmask false)
      (mode 1)
      (useauxorigin false)
      (hpglpennumber 1)
      (hpglpenspeed 20)
      (hpglpendiameter 15.000000)
      (psnegative false)
      (psa4output false)
      (plotreference true)
      (plotvalue true)
      (plotinvisibletext false)
      (padsonsilk false)
      (subtractmaskfromsilk false)
      (outputformat 1)
      (mirror false)
      (drillshape 1)
      (scaleselection 1)
      (outputdirectory ""))
  )

  (net 0 "")
  (net 1 "Net-(J1-Pad3)")
  (net 2 "Net-(J1-Pad4)")
  (net 3 "Net-(J1-Pad5)")
  (net 4 "Net-(J1-Pad2)")
  (net 5 "Net-(J1-Pad1)")
  (net 6 "Net-(X1-Pad5)")
  (net 7 "Net-(X1-Pad6)")
  (net 8 "Net-(X1-Pad3)")
  (net 9 "Net-(X1-Pad4)")
  (net 10 "Net-(X1-Pad1)")
  (net 11 "Net-(X1-Pad2)")

  (net_class Default "This is the default net class."
    (clearance 0.2)
    (trace_width 0.25)
    (via_dia 0.8)
    (via_drill 0.4)
    (uvia_dia 0.3)
    (uvia_drill 0.1)
    (add_net "Net-(J1-Pad1)")
    (add_net "Net-(J1-Pad2)")
    (add_net "Net-(J1-Pad3)")
    (add_net "Net-(J1-Pad4)")
    (add_net "Net-(J1-Pad5)")
    (add_net "Net-(X1-Pad1)")
    (add_net "Net-(X1-Pad2)")
    (add_net "Net-(X1-Pad3)")
    (add_net "Net-(X1-Pad4)")
    (add_net "Net-(X1-Pad5)")
    (add_net "Net-(X1-Pad6)")
  )

  (module digikey-footprints:LED_2-SMD_Gull_Wing_4.4x3.85mm (layer F.Cu) (tedit 5D2891AB) (tstamp 5D5F8671)
    (at 143.675001 116.935001)
    (path /5D5F6063)
    (attr smd)
    (fp_text reference D1 (at 0 -3) (layer F.SilkS)
      (effects (font (size 1 1) (thickness 0.15)))
    )
    (fp_text value LED_RGBA (at 0 3) (layer F.Fab)
      (effects (font (size 1 1) (thickness 0.15)))
    )
    (fp_line (start -3.95 -2.15) (end 3.95 -2.15) (layer F.CrtYd) (width 0.05))
    (fp_line (start -3.95 2.15) (end -3.95 -2.15) (layer F.CrtYd) (width 0.05))
    (fp_line (start 3.95 2.15) (end -3.95 2.15) (layer F.CrtYd) (width 0.05))
    (fp_line (start 3.95 -2.15) (end 3.95 2.15) (layer F.CrtYd) (width 0.05))
    (fp_line (start -2 1.925) (end -2.3 1.5) (layer F.SilkS) (width 0.1))
    (fp_line (start -2.3 1.5) (end -2.3 0.65) (layer F.SilkS) (width 0.1))
    (fp_line (start -2.3 0.65) (end -3.65 0.65) (layer F.SilkS) (width 0.1))
    (fp_line (start -2.15 1.45) (end -2.15 -1.85) (layer F.Fab) (width 0.1))
    (fp_line (start -1.875 1.85) (end 2.15 1.85) (layer F.Fab) (width 0.1))
    (fp_line (start -2.15 1.45) (end -1.875 1.85) (layer F.Fab) (width 0.1))
    (fp_line (start -1.95 -1.975) (end -2.275 -1.975) (layer F.SilkS) (width 0.1))
    (fp_line (start -2.275 -1.975) (end -2.275 -1.625) (layer F.SilkS) (width 0.1))
    (fp_line (start 2.275 -1.975) (end 1.85 -1.975) (layer F.SilkS) (width 0.1))
    (fp_line (start 2.275 1.975) (end 1.9 1.975) (layer F.SilkS) (width 0.1))
    (fp_line (start 2.275 1.575) (end 2.275 1.975) (layer F.SilkS) (width 0.1))
    (fp_line (start 2.275 -1.6) (end 2.275 -1.975) (layer F.SilkS) (width 0.1))
    (fp_text user %R (at 0.05 0.05) (layer F.Fab)
      (effects (font (size 0.75 0.75) (thickness 0.075)))
    )
    (fp_line (start 2.15 -1.85) (end 2.15 1.85) (layer F.Fab) (width 0.1))
    (fp_line (start -2.15 -1.85) (end 2.15 -1.85) (layer F.Fab) (width 0.1))
    (pad K smd rect (at 3.05 0) (size 1.3 1.9) (layers F.Cu F.Paste F.Mask))
    (pad A smd rect (at -3.05 0) (size 1.3 1.1) (layers F.Cu F.Paste F.Mask))
  )

  (module digikey-footprints:LED_2-SMD_Gull_Wing_4.4x3.85mm (layer F.Cu) (tedit 5D2891AB) (tstamp 5D5F868A)
    (at 161.285001 112.845001)
    (path /5D5F8010)
    (attr smd)
    (fp_text reference D2 (at 0 -3) (layer F.SilkS)
      (effects (font (size 1 1) (thickness 0.15)))
    )
    (fp_text value LED_RGBA (at 0 3) (layer F.Fab)
      (effects (font (size 1 1) (thickness 0.15)))
    )
    (fp_line (start -2.15 -1.85) (end 2.15 -1.85) (layer F.Fab) (width 0.1))
    (fp_line (start 2.15 -1.85) (end 2.15 1.85) (layer F.Fab) (width 0.1))
    (fp_text user %R (at 0.05 0.05) (layer F.Fab)
      (effects (font (size 0.75 0.75) (thickness 0.075)))
    )
    (fp_line (start 2.275 -1.6) (end 2.275 -1.975) (layer F.SilkS) (width 0.1))
    (fp_line (start 2.275 1.575) (end 2.275 1.975) (layer F.SilkS) (width 0.1))
    (fp_line (start 2.275 1.975) (end 1.9 1.975) (layer F.SilkS) (width 0.1))
    (fp_line (start 2.275 -1.975) (end 1.85 -1.975) (layer F.SilkS) (width 0.1))
    (fp_line (start -2.275 -1.975) (end -2.275 -1.625) (layer F.SilkS) (width 0.1))
    (fp_line (start -1.95 -1.975) (end -2.275 -1.975) (layer F.SilkS) (width 0.1))
    (fp_line (start -2.15 1.45) (end -1.875 1.85) (layer F.Fab) (width 0.1))
    (fp_line (start -1.875 1.85) (end 2.15 1.85) (layer F.Fab) (width 0.1))
    (fp_line (start -2.15 1.45) (end -2.15 -1.85) (layer F.Fab) (width 0.1))
    (fp_line (start -2.3 0.65) (end -3.65 0.65) (layer F.SilkS) (width 0.1))
    (fp_line (start -2.3 1.5) (end -2.3 0.65) (layer F.SilkS) (width 0.1))
    (fp_line (start -2 1.925) (end -2.3 1.5) (layer F.SilkS) (width 0.1))
    (fp_line (start 3.95 -2.15) (end 3.95 2.15) (layer F.CrtYd) (width 0.05))
    (fp_line (start 3.95 2.15) (end -3.95 2.15) (layer F.CrtYd) (width 0.05))
    (fp_line (start -3.95 2.15) (end -3.95 -2.15) (layer F.CrtYd) (width 0.05))
    (fp_line (start -3.95 -2.15) (end 3.95 -2.15) (layer F.CrtYd) (width 0.05))
    (pad A smd rect (at -3.05 0) (size 1.3 1.1) (layers F.Cu F.Paste F.Mask))
    (pad K smd rect (at 3.05 0) (size 1.3 1.9) (layers F.Cu F.Paste F.Mask))
  )

  (module digikey-footprints:LED_2-SMD_Gull_Wing_4.4x3.85mm (layer F.Cu) (tedit 5D2891AB) (tstamp 5D5F86A3)
    (at 152.625001 118.195001)
    (path /5D5F8E38)
    (attr smd)
    (fp_text reference D3 (at 0 -3) (layer F.SilkS)
      (effects (font (size 1 1) (thickness 0.15)))
    )
    (fp_text value LED_RGBA (at 0 3) (layer F.Fab)
      (effects (font (size 1 1) (thickness 0.15)))
    )
    (fp_line (start -3.95 -2.15) (end 3.95 -2.15) (layer F.CrtYd) (width 0.05))
    (fp_line (start -3.95 2.15) (end -3.95 -2.15) (layer F.CrtYd) (width 0.05))
    (fp_line (start 3.95 2.15) (end -3.95 2.15) (layer F.CrtYd) (width 0.05))
    (fp_line (start 3.95 -2.15) (end 3.95 2.15) (layer F.CrtYd) (width 0.05))
    (fp_line (start -2 1.925) (end -2.3 1.5) (layer F.SilkS) (width 0.1))
    (fp_line (start -2.3 1.5) (end -2.3 0.65) (layer F.SilkS) (width 0.1))
    (fp_line (start -2.3 0.65) (end -3.65 0.65) (layer F.SilkS) (width 0.1))
    (fp_line (start -2.15 1.45) (end -2.15 -1.85) (layer F.Fab) (width 0.1))
    (fp_line (start -1.875 1.85) (end 2.15 1.85) (layer F.Fab) (width 0.1))
    (fp_line (start -2.15 1.45) (end -1.875 1.85) (layer F.Fab) (width 0.1))
    (fp_line (start -1.95 -1.975) (end -2.275 -1.975) (layer F.SilkS) (width 0.1))
    (fp_line (start -2.275 -1.975) (end -2.275 -1.625) (layer F.SilkS) (width 0.1))
    (fp_line (start 2.275 -1.975) (end 1.85 -1.975) (layer F.SilkS) (width 0.1))
    (fp_line (start 2.275 1.975) (end 1.9 1.975) (layer F.SilkS) (width 0.1))
    (fp_line (start 2.275 1.575) (end 2.275 1.975) (layer F.SilkS) (width 0.1))
    (fp_line (start 2.275 -1.6) (end 2.275 -1.975) (layer F.SilkS) (width 0.1))
    (fp_text user %R (at 0.05 0.05) (layer F.Fab)
      (effects (font (size 0.75 0.75) (thickness 0.075)))
    )
    (fp_line (start 2.15 -1.85) (end 2.15 1.85) (layer F.Fab) (width 0.1))
    (fp_line (start -2.15 -1.85) (end 2.15 -1.85) (layer F.Fab) (width 0.1))
    (pad K smd rect (at 3.05 0) (size 1.3 1.9) (layers F.Cu F.Paste F.Mask))
    (pad A smd rect (at -3.05 0) (size 1.3 1.1) (layers F.Cu F.Paste F.Mask))
  )

  (module digikey-footprints:USB_Micro_B_Female_10118194-0001LF (layer F.Cu) (tedit 5D28ADCC) (tstamp 5D5F86C4)
    (at 161.835001 103.895001)
    (descr http://portal.fciconnect.com/Comergent//fci/drawing/10118194.pdf)
    (path /5D5F11D4)
    (attr smd)
    (fp_text reference J1 (at 0 -2.5) (layer F.SilkS)
      (effects (font (size 1 1) (thickness 0.15)))
    )
    (fp_text value USB_B_Micro (at 0 7) (layer F.Fab)
      (effects (font (size 1 1) (thickness 0.15)))
    )
    (fp_line (start 4.5 5.75) (end 4.5 -1) (layer F.CrtYd) (width 0.05))
    (fp_line (start -4.5 5.75) (end 4.5 5.75) (layer F.CrtYd) (width 0.05))
    (fp_line (start -4.5 5.75) (end -4.5 -1) (layer F.CrtYd) (width 0.05))
    (fp_line (start -4.5 -1) (end 4.5 -1) (layer F.CrtYd) (width 0.05))
    (fp_line (start -4.1 4.9) (end -4.1 5.45) (layer F.SilkS) (width 0.1))
    (fp_line (start -4.1 5.45) (end -3.45 5.45) (layer F.SilkS) (width 0.1))
    (fp_line (start 4.1 4.85) (end 4.1 5.45) (layer F.SilkS) (width 0.1))
    (fp_line (start 4.1 5.45) (end 3.7 5.45) (layer F.SilkS) (width 0.1))
    (fp_line (start 3.6 -0.25) (end 4.1 -0.25) (layer F.SilkS) (width 0.1))
    (fp_line (start 4.1 -0.25) (end 4.1 0.45) (layer F.SilkS) (width 0.1))
    (fp_line (start -3.35 -0.25) (end -3.8 -0.25) (layer F.SilkS) (width 0.1))
    (fp_line (start -3.8 -0.25) (end -4.1 0.1) (layer F.SilkS) (width 0.1))
    (fp_line (start -4.1 0.1) (end -4.1 0.4) (layer F.SilkS) (width 0.1))
    (fp_line (start -4.1 0.4) (end -4.25 0.4) (layer F.SilkS) (width 0.1))
    (fp_line (start -4.03 5.38) (end -4.02 0.23) (layer F.Fab) (width 0.1))
    (fp_line (start 4.02 -0.15) (end -3.71 -0.15) (layer F.Fab) (width 0.1))
    (fp_line (start -4.02 0.23) (end -3.71 -0.15) (layer F.Fab) (width 0.1))
    (fp_text user %R (at 0 2.84) (layer F.Fab)
      (effects (font (size 1 1) (thickness 0.15)))
    )
    (fp_line (start -4.025 5.38) (end 4.025 5.38) (layer F.Fab) (width 0.1))
    (fp_line (start 4.025 5.38) (end 4.025 -0.15) (layer F.Fab) (width 0.1))
    (pad 3 smd rect (at 0 0) (size 0.4 1.35) (layers F.Cu F.Paste F.Mask)
      (net 1 "Net-(J1-Pad3)"))
    (pad 4 smd rect (at 0.65 0) (size 0.4 1.35) (layers F.Cu F.Paste F.Mask)
      (net 2 "Net-(J1-Pad4)"))
    (pad 5 smd rect (at 1.3 0) (size 0.4 1.35) (layers F.Cu F.Paste F.Mask)
      (net 3 "Net-(J1-Pad5)"))
    (pad 2 smd rect (at -0.65 0) (size 0.4 1.35) (layers F.Cu F.Paste F.Mask)
      (net 4 "Net-(J1-Pad2)"))
    (pad 1 smd rect (at -1.3 0) (size 0.4 1.35) (layers F.Cu F.Paste F.Mask)
      (net 5 "Net-(J1-Pad1)"))
    (pad SH thru_hole oval (at 2.5 0) (size 1.25 0.95) (drill oval 0.85 0.55) (layers *.Cu *.Mask))
    (pad SH thru_hole oval (at -2.5 0) (size 1.25 0.95) (drill oval 0.85 0.55) (layers *.Cu *.Mask))
    (pad SH thru_hole oval (at -3.5 2.7) (size 1 1.55) (drill oval 0.5 1.15) (layers *.Cu *.Mask))
    (pad SH thru_hole oval (at 3.5 2.7) (size 1 1.55) (drill oval 0.5 1.15) (layers *.Cu *.Mask))
  )

  (module badgelife_sao_v169bis:Badgelife-SAOv169-BADGE-2x3 (layer F.Cu) (tedit 5C931861) (tstamp 5D5F86DE)
    (at 149.459001 109.835001)
    (descr "Through hole straight IDC box header, 2x03, 2.54mm pitch, double rows")
    (tags "Through hole IDC box header THT 2x03 2.54mm double row")
    (path /5D5EDCBC)
    (fp_text reference X1 (at 0 -5.842) (layer F.SilkS)
      (effects (font (size 1 1) (thickness 0.15)))
    )
    (fp_text value Badgelife_sao_connector_v169bis (at 0 -8.509) (layer F.Fab)
      (effects (font (size 1 1) (thickness 0.15)))
    )
    (fp_text user %R (at 0.06 0.02 270) (layer F.Fab)
      (effects (font (size 1 1) (thickness 0.15)))
    )
    (fp_line (start -6.604 -3.429) (end 6.604 -3.429) (layer F.SilkS) (width 0.5))
    (fp_line (start 6.604 -3.429) (end 6.604 3.683) (layer F.SilkS) (width 0.5))
    (fp_line (start 6.604 3.683) (end -6.731 3.683) (layer F.SilkS) (width 0.5))
    (fp_line (start -6.731 3.683) (end -6.731 -3.429) (layer F.SilkS) (width 0.5))
    (fp_line (start -2.159 -4.064) (end 2.159 -4.064) (layer F.SilkS) (width 0.5))
    (fp_line (start 2.159 -4.064) (end 2.159 -3.556) (layer F.SilkS) (width 0.5))
    (fp_line (start 2.159 -3.683) (end -2.159 -3.683) (layer F.SilkS) (width 0.5))
    (fp_line (start -2.159 -3.556) (end -2.159 -4.064) (layer F.SilkS) (width 0.5))
    (fp_circle (center -8.509 -5.715) (end -7.509 -5.715) (layer F.SilkS) (width 0.5))
    (fp_text user VCC (at -2.54 -2.794) (layer B.SilkS)
      (effects (font (size 0.75 0.75) (thickness 0.15)) (justify mirror))
    )
    (fp_text user GND (at -2.54 3.048) (layer B.SilkS)
      (effects (font (size 0.75 0.75) (thickness 0.15)) (justify mirror))
    )
    (fp_text user SDA (at 0 -2.794) (layer B.SilkS)
      (effects (font (size 0.75 0.75) (thickness 0.15)) (justify mirror))
    )
    (fp_text user SCL (at 0 3.048) (layer B.SilkS)
      (effects (font (size 0.75 0.75) (thickness 0.15)) (justify mirror))
    )
    (fp_text user GPIO2 (at 3.937 3.048) (layer B.SilkS)
      (effects (font (size 0.75 0.75) (thickness 0.15)) (justify mirror))
    )
    (fp_text user GPIO1 (at 3.937 -2.794) (layer B.SilkS)
      (effects (font (size 0.75 0.75) (thickness 0.15)) (justify mirror))
    )
    (pad 5 thru_hole circle (at 2.6 -1.25 270) (size 1.7272 1.7272) (drill 1.016) (layers *.Cu *.Mask)
      (net 6 "Net-(X1-Pad5)"))
    (pad 6 thru_hole circle (at 2.6 1.29 270) (size 1.7272 1.7272) (drill 1.016) (layers *.Cu *.Mask)
      (net 7 "Net-(X1-Pad6)"))
    (pad 3 thru_hole oval (at 0.06 -1.25 270) (size 1.7272 1.7272) (drill 1.016) (layers *.Cu *.Mask)
      (net 8 "Net-(X1-Pad3)"))
    (pad 4 thru_hole oval (at 0.06 1.29 270) (size 1.7272 1.7272) (drill 1.016) (layers *.Cu *.Mask)
      (net 9 "Net-(X1-Pad4)"))
    (pad 1 thru_hole oval (at -2.48 -1.25 270) (size 1.7272 1.7272) (drill 1.016) (layers *.Cu *.Mask)
      (net 10 "Net-(X1-Pad1)"))
    (pad 2 thru_hole rect (at -2.48 1.29 270) (size 1.7272 1.7272) (drill 1.016) (layers *.Cu *.Mask)
      (net 11 "Net-(X1-Pad2)"))
  )

)
